0.000 1.087 2.074 3.139 4.031 4.954 6.486 7.828 8.991 10.051 11.042 12.403 13.325 14.363 15.296 16.159 17.307 18.259 19.453 20.394 21.289 22.573 23.504 24.565 25.712 26.037 24.802 25.402 26.482 27.376 28.213 23.553 24.203 25.377 26.571 28.907 30.580 31.669 32.861 27.664 28.763 30.002 27.731 28.690 27.905 24.961 26.091 26.861 28.324 29.610 30.589 31.400 32.704 33.743 26.038 26.851 26.167 33.984 35.114 35.996 30.920 32.215 33.592 35.054 36.349 30.008 31.564 33.405 34.615 35.651 36.813 37.768 38.955 40.053 41.485 42.774 31.301 32.418 33.422 34.694 35.752 23.439 24.339 25.883 26.958 27.677 28.680 29.623 30.783 31.464 32.363 33.204 34.405 35.716 27.480 28.886 30.196 31.434 32.273 33.274 34.956 36.720 37.726 39.618 40.936 42.535 43.877 46.603 49.096 50.009 51.309 52.707 54.199 0.991 2.753 29.268 30.921 31.810 33.326 34.096 35.402 36.493 37.331 38.100 39.518 40.658 41.823 43.011 45.031 46.210 36.613 38.237 21.344   -1   -1 28.179 21.653 15.253 9.053 5.753 27.282 47.377 49.660 50.684 51.824 53.542 54.876 56.331 57.634 59.397 37.579 39.389 40.249 
1.087 0.000 0.987 2.052 2.944 3.867 5.399 6.741 7.904 8.964 9.955 11.316 12.238 13.276 14.209 15.072 16.220 17.172 18.366 19.307 20.202 21.486 22.417 23.478 24.625 25.687 25.889 26.489 27.569 28.463 29.300 24.640 25.290 26.464 27.658 29.994 31.667 32.756 33.948 28.751 29.850 31.089 28.616 27.657 26.818 23.874 25.004 25.774 27.237 28.523 29.502 30.313 31.617 32.656 27.125 27.938 25.080 35.071 36.201 37.083 32.007 33.302 34.679 36.141 37.436 31.095 32.651 34.492 35.702 36.738 37.900 38.855 40.042 41.140 42.572 43.861 32.388 33.505 34.509 35.781 36.839 22.352 23.252 24.796 25.871 26.590 27.593 28.536 29.696 30.377 31.276 32.117 33.318 34.629 28.567 29.973 31.283 32.521 33.360 34.361 36.043 37.807 38.813 40.705 42.023 43.622 44.964 47.690 50.183 51.096 52.396 53.794 55.286 2.078 3.840 30.355 32.008 32.897 34.413 35.183 36.489 37.580 38.418 39.187 40.605 41.745 42.910 44.098 46.118 47.297 37.700 39.324 20.257   -1   -1 29.266 22.740 16.340 10.140 6.840 28.369 48.464 50.747 51.771 52.911 54.629 55.963 57.418 58.721 60.484 38.666 40.476 41.336 
2.074 0.987 0.000 1.065 1.957 2.880 4.412 5.754 6.917 7.977 8.968 10.329 11.251 12.289 13.222 14.085 15.233 16.185 17.379 18.320 19.215 20.499 21.430 22.491 23.638 24.700 25.935 26.535 27.615 28.509 29.346 25.627 26.277 27.451 28.645 30.981 32.654 33.743 34.935 29.738 30.837 32.076 27.629 26.670 25.831 22.887 24.017 24.787 26.250 27.536 28.515 29.326 30.630 31.669 27.171 27.984 24.093 36.058 37.188 38.070 32.994 34.289 35.666 37.128 38.423 31.141 32.697 34.538 35.748 36.784 37.946 38.901 40.088 41.186 42.618 43.907 32.434 33.551 34.555 35.827 36.885 21.365 22.265 23.809 24.884 25.603 26.606 27.549 28.709 29.390 30.289 31.130 32.331 33.642 28.613 30.019 31.329 32.567 33.406 34.407 36.089 37.853 38.859 40.751 42.069 43.668 45.010 47.736 50.229 51.142 52.442 53.840 55.332 3.065 4.827 30.401 32.054 32.943 34.459 35.229 36.535 37.626 38.464 39.233 40.651 41.791 42.956 44.144 46.164 47.343 37.746 39.370 19.270   -1   -1 29.312 23.727 17.327 11.127 7.827 28.415 48.510 50.793 51.817 52.957 54.675 56.009 57.464 58.767 60.530 39.653 41.463 42.323 
3.139 2.052 1.065 0.000 0.892 1.815 3.347 4.689 5.852 6.912 7.903 9.264 10.186 11.224 12.157 13.020 14.168 15.120 16.314 17.255 18.150 19.434 20.365 21.426 22.573 23.635 24.870 25.470 26.550 27.444 28.281 26.119 26.769 27.943 27.724 30.060 31.733 32.822 34.014 28.817 29.916 31.155 26.564 25.605 24.766 21.822 22.952 23.722 25.185 26.471 27.450 28.261 29.565 30.604 26.106 26.919 23.028 35.137 36.267 37.149 32.073 33.368 34.745 36.207 37.502 30.076 31.632 33.473 34.683 35.719 36.881 37.836 39.023 40.121 41.553 42.842 31.369 32.486 33.490 34.762 35.820 20.300 21.200 22.744 23.819 24.538 25.541 26.484 27.644 28.325 29.224 30.065 31.266 32.577 27.548 28.954 30.264 31.502 32.341 33.342 35.024 36.788 37.794 39.686 41.004 42.603 43.945 46.671 49.164 50.077 51.377 52.775 54.267 4.130 5.892 29.336 30.989 31.878 33.394 34.164 35.470 36.561 37.399 38.168 39.586 40.726 41.891 43.079 45.099 46.278 36.681 38.305 18.205   -1   -1 28.247 24.792 18.392 12.192 8.892 27.350 47.445 49.728 50.752 51.892 53.610 54.944 56.399 57.702 59.465 38.732 40.542 41.402 
4.031 2.944 1.957 0.892 0.000 0.923 2.455 3.797 4.960 6.020 7.011 8.372 9.294 10.332 11.265 12.128 13.276 14.228 15.422 16.363 17.258 18.542 19.473 20.534 21.681 22.743 23.978 24.578 25.658 26.552 27.389 25.227 25.877 27.051 26.832 29.168 30.841 31.930 33.122 27.925 29.024 30.263 25.672 24.713 23.874 20.930 22.060 22.830 24.293 25.579 26.558 27.369 28.673 29.712 25.214 26.027 22.136 34.245 35.375 36.257 31.181 32.476 33.853 35.315 36.610 29.184 30.740 32.581 33.791 34.827 35.989 36.944 38.131 39.229 40.661 41.950 30.477 31.594 32.598 33.870 34.928 19.408 20.308 21.852 22.927 23.646 24.649 25.592 26.752 27.433 28.332 29.173 30.374 31.685 26.656 28.062 29.372 30.610 31.449 32.450 34.132 35.896 36.902 38.794 40.112 41.711 43.053 45.779 48.272 49.185 50.485 51.883 53.375 5.022 6.784 28.444 30.097 30.986 32.502 33.272 34.578 35.669 36.507 37.276 38.694 39.834 40.999 42.187 44.207 45.386 35.789 37.413 17.313   -1   -1 27.355 25.684 19.284 13.084 9.784 26.458 46.553 48.836 49.860 51.000 52.718 54.052 55.507 56.810 58.573 37.840 39.650 40.510 
4.954 3.867 2.880 1.815 0.923 0.000 1.532 2.874 4.037 5.097 6.088 7.449 8.371 9.409 10.342 11.205 12.353 13.305 14.499 15.440 16.335 17.619 18.550 19.611 20.758 21.820 23.055 23.655 24.735 25.629 26.466 24.304 24.954 26.128 25.909 28.245 29.918 31.007 32.199 27.002 28.101 29.340 24.749 23.790 22.951 20.007 21.137 21.907 23.370 24.656 25.635 26.446 27.750 28.789 24.291 25.104 21.213 33.322 34.452 35.334 30.258 31.553 32.930 34.392 35.687 28.261 29.817 31.658 32.868 33.904 35.066 36.021 37.208 38.306 39.738 41.027 29.554 30.671 31.675 32.947 34.005 18.485 19.385 20.929 22.004 22.723 23.726 24.669 25.829 26.510 27.409 28.250 29.451 30.762 25.733 27.139 28.449 29.687 30.526 31.527 33.209 34.973 35.979 37.871 39.189 40.788 42.130 44.856 47.349 48.262 49.562 50.960 52.452 5.945 7.707 27.521 29.174 30.063 31.579 32.349 33.655 34.746 35.584 36.353 37.771 38.911 40.076 41.264 43.284 44.463 34.866 36.490 16.390   -1   -1 26.432 26.204 20.207 14.007 10.707 25.535 45.630 47.913 48.937 50.077 51.795 53.129 54.584 55.887 57.650 36.917 38.727 39.587 
6.486 5.399 4.412 3.347 2.455 1.532 0.000 1.342 2.505 3.565 4.556 5.917 6.839 7.877 8.810 9.673 10.821 11.773 12.967 13.908 14.803 16.087 17.018 18.079 19.226 20.288 21.523 22.123 23.203 24.097 24.934 22.772 23.422 24.596 24.377 26.713 28.386 29.475 30.667 25.470 26.569 27.808 23.217 22.258 21.419 18.475 19.605 20.375 21.838 23.124 24.103 24.914 26.218 27.257 22.759 23.572 19.681 31.790 32.920 33.802 28.726 30.021 31.398 32.860 34.155 26.729 28.285 30.126 31.336 32.372 33.534 34.489 35.676 36.774 38.206 39.495 28.022 29.139 30.143 31.415 32.473 16.953 17.853 19.397 20.472 21.191 22.194 23.137 24.297 24.978 25.877 26.718 27.919 29.230 24.201 25.607 26.917 28.155 28.994 29.995 31.677 33.441 34.447 36.339 37.657 39.256 40.598 43.324 45.817 46.730 48.030 49.428 50.920 7.477 9.239 25.989 27.642 28.531 30.047 30.817 32.123 33.214 34.052 34.821 36.239 37.379 38.544 39.732 41.752 42.931 33.334 34.958 14.858   -1   -1 24.900 24.672 21.739 15.539 12.239 24.003 44.098 46.381 47.405 48.545 50.263 51.597 53.052 54.355 56.118 35.385 37.195 38.055 
7.828 6.741 5.754 4.689 3.797 2.874 1.342 0.000 1.163 2.223 3.214 4.575 5.497 6.535 7.468 8.331 9.479 10.431 11.625 12.566 13.461 14.745 15.676 16.737 17.884 18.946 20.181 20.781 21.861 22.755 23.592 21.430 22.080 23.254 23.035 25.371 27.044 28.133 29.325 24.128 25.227 26.466 21.875 20.916 20.077 17.133 18.263 19.033 20.496 21.782 22.761 23.572 24.876 25.915 21.417 22.230 18.339 30.448 31.578 32.460 27.384 28.679 30.056 31.518 32.813 25.387 26.943 28.784 29.994 31.030 32.192 33.147 34.334 35.432 36.864 38.153 26.680 27.797 28.801 30.073 31.131 15.611 16.511 18.055 19.130 19.849 20.852 21.795 22.955 23.636 24.535 25.376 26.577 27.888 22.859 24.265 25.575 26.813 27.652 28.653 30.335 32.099 33.105 34.997 36.315 37.914 39.256 41.982 44.475 45.388 46.688 48.086 49.578 8.819 10.581 24.647 26.300 27.189 28.705 29.475 30.781 31.872 32.710 33.479 34.897 36.037 37.202 38.390 40.410 41.589 31.992 33.616 13.516   -1   -1 23.558 23.330 23.081 16.881 13.581 22.661 42.756 45.039 46.063 47.203 48.921 50.255 51.710 53.013 54.776 34.043 35.853 36.713 
8.991 7.904 6.917 5.852 4.960 4.037 2.505 1.163 0.000 1.060 2.051 3.412 4.334 5.372 6.305 7.168 8.316 9.268 10.462 11.403 12.298 13.582 14.513 15.574 16.721 17.783 19.018 19.618 20.698 21.592 22.429 20.267 20.917 22.091 21.872 24.208 25.881 26.970 28.162 22.965 24.064 25.303 20.712 19.753 18.914 15.970 17.100 17.870 19.333 20.619 21.598 22.409 23.713 24.752 20.254 21.067 17.176 29.285 30.415 31.297 26.221 27.516 28.893 30.355 31.650 24.224 25.780 27.621 28.831 29.867 31.029 31.984 33.171 34.269 35.701 36.990 25.517 26.634 27.638 28.910 29.968 14.448 15.348 16.892 17.967 18.686 19.689 20.632 21.792 22.473 23.372 24.213 25.414 26.725 21.696 23.102 24.412 25.650 26.489 27.490 29.172 30.936 31.942 33.834 35.152 36.751 38.093 40.819 43.312 44.225 45.525 46.923 48.415 9.982 11.744 23.484 25.137 26.026 27.542 28.312 29.618 30.709 31.547 32.316 33.734 34.874 36.039 37.227 39.247 40.426 30.829 32.453 12.353   -1   -1 22.395 22.167 24.244 18.044 14.744 21.498 41.593 43.876 44.900 46.040 47.758 49.092 50.547 51.850 53.613 32.880 34.690 35.550 
10.051 8.964 7.977 6.912 6.020 5.097 3.565 2.223 1.060 0.000 0.991 2.352 3.274 4.312 5.245 6.108 7.256 8.208 9.402 10.343 11.238 12.522 13.453 14.514 15.661 16.723 17.958 18.558 19.638 20.532 21.369 19.207 19.857 21.031 20.812 23.148 24.821 25.910 27.102 21.905 23.004 24.243 19.652 18.693 17.854 14.910 16.040 16.810 18.273 19.559 20.538 21.349 22.653 23.692 19.194 20.007 16.116 28.225 29.355 30.237 25.161 26.456 27.833 29.295 30.590 23.164 24.720 26.561 27.771 28.807 29.969 30.924 32.111 33.209 34.641 35.930 24.457 25.574 26.578 27.850 28.908 13.388 14.288 15.832 16.907 17.626 18.629 19.572 20.732 21.413 22.312 23.153 24.354 25.665 20.636 22.042 23.352 24.590 25.429 26.430 28.112 29.876 30.882 32.774 34.092 35.691 37.033 39.759 42.252 43.165 44.465 45.863 47.355 11.042 12.804 22.424 24.077 24.966 26.482 27.252 28.558 29.649 30.487 31.256 32.674 33.814 34.979 36.167 38.187 39.366 29.769 31.393 11.293   -1   -1 21.335 21.107 25.304 19.104 15.804 20.438 40.533 42.816 43.840 44.980 46.698 48.032 49.487 50.790 52.553 31.820 33.630 34.490 
11.042 9.955 8.968 7.903 7.011 6.088 4.556 3.214 2.051 0.991 0.000 1.361 2.283 3.321 4.254 5.117 6.265 7.217 8.411 9.352 10.247 11.531 12.462 13.523 14.670 15.732 16.967 17.567 18.647 19.541 20.378 18.216 18.866 20.040 19.821 22.157 23.830 24.919 26.111 20.914 22.013 23.252 18.661 17.702 16.863 13.919 15.049 15.819 17.282 18.568 19.547 20.358 21.662 22.701 18.203 19.016 15.125 27.234 28.364 29.246 24.170 25.465 26.842 28.304 29.599 22.173 23.729 25.570 26.780 27.816 28.978 29.933 31.120 32.218 33.650 34.939 23.466 24.583 25.587 26.859 27.917 12.397 13.297 14.841 15.916 16.635 17.638 18.581 19.741 20.422 21.321 22.162 23.363 24.674 19.645 21.051 22.361 23.599 24.438 25.439 27.121 28.885 29.891 31.783 33.101 34.700 36.042 38.768 41.261 42.174 43.474 44.872 46.364 12.033 13.795 21.433 23.086 23.975 25.491 26.261 27.567 28.658 29.496 30.265 31.683 32.823 33.988 35.176 37.196 38.375 28.778 30.402 10.302   -1   -1 20.344 20.116 26.295 20.095 16.795 19.447 39.542 41.825 42.849 43.989 45.707 47.041 48.496 49.799 51.562 30.829 32.639 33.499 
12.403 11.316 10.329 9.264 8.372 7.449 5.917 4.575 3.412 2.352 1.361 0.000 0.922 1.960 2.893 3.756 4.904 5.856 7.050 7.991 8.886 10.170 11.101 12.162 13.309 14.371 15.606 16.206 17.286 18.180 19.017 16.855 17.505 18.679 18.460 20.796 22.469 23.558 24.750 19.553 20.652 21.891 17.300 16.341 15.502 12.558 13.688 14.458 15.921 17.207 18.186 18.997 20.301 21.340 16.842 17.655 13.764 25.873 27.003 27.885 22.809 24.104 25.481 26.943 28.238 20.812 22.368 24.209 25.419 26.455 27.617 28.572 29.759 30.857 32.289 33.578 22.105 23.222 24.226 25.498 26.556 11.036 11.936 13.480 14.555 15.274 16.277 17.220 18.380 19.061 19.960 20.801 22.002 23.313 18.284 19.690 21.000 22.238 23.077 24.078 25.760 27.524 28.530 30.422 31.740 33.339 34.681 37.407 39.900 40.813 42.113 43.511 45.003 13.394 15.156 20.072 21.725 22.614 24.130 24.900 26.206 27.297 28.135 28.904 30.322 31.462 32.627 33.815 35.835 37.014 27.417 29.041 8.941   -1   -1 18.983 18.755 25.155 21.456 18.156 18.086 38.181 40.464 41.488 42.628 44.346 45.680 47.135 48.438 50.201 29.468 31.278 32.138 
13.325 12.238 11.251 10.186 9.294 8.371 6.839 5.497 4.334 3.274 2.283 0.922 0.000 1.038 1.971 2.834 3.982 4.934 6.128 7.069 7.964 9.248 10.179 11.240 12.387 13.449 14.684 15.284 16.364 17.258 18.095 15.933 16.583 17.757 17.538 19.874 21.547 22.636 23.828 18.631 19.730 20.969 16.378 15.419 14.580 11.636 12.766 13.536 14.999 16.285 17.264 18.075 19.379 20.418 15.920 16.733 12.842 24.951 26.081 26.963 21.887 23.182 24.559 26.021 27.316 19.890 21.446 23.287 24.497 25.533 26.695 27.650 28.837 29.935 31.367 32.656 21.183 22.300 23.304 24.576 25.634 10.114 11.014 12.558 13.633 14.352 15.355 16.298 17.458 18.139 19.038 19.879 21.080 22.391 17.362 18.768 20.078 21.316 22.155 23.156 24.838 26.602 27.608 29.500 30.818 32.417 33.759 36.485 38.978 39.891 41.191 42.589 44.081 14.316 16.078 19.150 20.803 21.692 23.208 23.978 25.284 26.375 27.213 27.982 29.400 30.540 31.705 32.893 34.913 36.092 26.495 28.119 8.019   -1   -1 18.061 17.833 24.233 22.378 19.078 17.164 37.259 39.542 40.566 41.706 43.424 44.758 46.213 47.516 49.279 28.546 30.356 31.216 
14.363 13.276 12.289 11.224 10.332 9.409 7.877 6.535 5.372 4.312 3.321 1.960 1.038 0.000 0.933 1.796 2.944 3.896 5.090 6.031 6.926 8.210 9.141 10.202 11.349 12.411 13.646 14.246 15.326 16.220 17.057 14.895 15.545 16.719 16.500 18.836 20.509 21.598 22.790 17.593 18.692 19.931 15.340 14.381 13.542 10.598 11.728 12.498 13.961 15.247 16.226 17.037 18.341 19.380 14.882 15.695 11.804 23.913 25.043 25.925 20.849 22.144 23.521 24.983 26.278 18.852 20.408 22.249 23.459 24.495 25.657 26.612 27.799 28.897 30.329 31.618 20.145 21.262 22.266 23.538 24.596 9.076 9.976 11.520 12.595 13.314 14.317 15.260 16.420 17.101 18.000 18.841 20.042 21.353 16.324 17.730 19.040 20.278 21.117 22.118 23.800 25.564 26.570 28.462 29.780 31.379 32.721 35.447 37.940 38.853 40.153 41.551 43.043 15.354 17.116 18.112 19.765 20.654 22.170 22.940 24.246 25.337 26.175 26.944 28.362 29.502 30.667 31.855 33.875 35.054 25.457 27.081 6.981   -1   -1 17.023 16.795 23.195 23.416 20.116 16.126 36.221 38.504 39.528 40.668 42.386 43.720 45.175 46.478 48.241 27.508 29.318 30.178 
15.296 14.209 13.222 12.157 11.265 10.342 8.810 7.468 6.305 5.245 4.254 2.893 1.971 0.933 0.000 0.863 2.011 2.963 4.157 5.098 5.993 7.277 8.208 9.269 10.416 11.478 12.713 13.313 14.393 15.287 16.124 13.962 14.612 15.786 15.567 17.903 19.576 20.665 21.857 16.660 17.759 18.998 14.407 13.448 12.609 9.665 10.795 11.565 13.028 14.314 15.293 16.104 17.408 18.447 13.949 14.762 10.871 22.980 24.110 24.992 19.916 21.211 22.588 24.050 25.345 17.919 19.475 21.316 22.526 23.562 24.724 25.679 26.866 27.964 29.396 30.685 19.212 20.329 21.333 22.605 23.663 8.143 9.043 10.587 11.662 12.381 13.384 14.327 15.487 16.168 17.067 17.908 19.109 20.420 15.391 16.797 18.107 19.345 20.184 21.185 22.867 24.631 25.637 27.529 28.847 30.446 31.788 34.514 37.007 37.920 39.220 40.618 42.110 16.287 18.049 17.179 18.832 19.721 21.237 22.007 23.313 24.404 25.242 26.011 27.429 28.569 29.734 30.922 32.942 34.121 24.524 26.148 6.048   -1   -1 16.090 15.862 22.262 24.349 21.049 15.193 35.288 37.571 38.595 39.735 41.453 42.787 44.242 45.545 47.308 26.575 28.385 29.245 
16.159 15.072 14.085 13.020 12.128 11.205 9.673 8.331 7.168 6.108 5.117 3.756 2.834 1.796 0.863 0.000 1.148 2.100 3.294 4.235 5.130 6.414 7.345 8.406 9.553 10.615 11.850 12.450 13.530 14.424 15.261 13.099 13.749 14.923 14.704 17.040 18.713 19.802 20.994 15.797 16.896 18.135 13.544 12.585 11.746 8.802 9.932 10.702 12.165 13.451 14.430 15.241 16.545 17.584 13.086 13.899 10.008 22.117 23.247 24.129 19.053 20.348 21.725 23.187 24.482 17.056 18.612 20.453 21.663 22.699 23.861 24.816 26.003 27.101 28.533 29.822 18.349 19.466 20.470 21.742 22.800 7.280 8.180 9.724 10.799 11.518 12.521 13.464 14.624 15.305 16.204 17.045 18.246 19.557 14.528 15.934 17.244 18.482 19.321 20.322 22.004 23.768 24.774 26.666 27.984 29.583 30.925 33.651 36.144 37.057 38.357 39.755 41.247 17.150 18.912 16.316 17.969 18.858 20.374 21.144 22.450 23.541 24.379 25.148 26.566 27.706 28.871 30.059 32.079 33.258 23.661 25.285 5.185   -1   -1 15.227 14.999 21.399 25.212 21.912 14.330 34.425 36.708 37.732 38.872 40.590 41.924 43.379 44.682 46.445 25.712 27.522 28.382 
17.307 16.220 15.233 14.168 13.276 12.353 10.821 9.479 8.316 7.256 6.265 4.904 3.982 2.944 2.011 1.148 0.000 0.952 2.146 3.087 3.982 5.266 6.197 7.258 8.405 9.467 10.702 11.302 12.382 13.276 14.113 11.951 12.601 13.775 13.556 15.892 17.565 18.654 19.846 14.649 15.748 16.987 12.396 11.437 10.598 7.654 8.784 9.554 11.017 12.303 13.282 14.093 15.397 16.436 11.938 12.751 8.860 20.969 22.099 22.981 17.905 19.200 20.577 22.039 23.334 15.908 17.464 19.305 20.515 21.551 22.713 23.668 24.855 25.953 27.385 28.674 17.201 18.318 19.322 20.594 21.652 6.132 7.032 8.576 9.651 10.370 11.373 12.316 13.476 14.157 15.056 15.897 17.098 18.409 13.380 14.786 16.096 17.334 18.173 19.174 20.856 22.620 23.626 25.518 26.836 28.435 29.777 32.503 34.996 35.909 37.209 38.607 40.099 18.298 20.060 15.168 16.821 17.710 19.226 19.996 21.302 22.393 23.231 24.000 25.418 26.558 27.723 28.911 30.931 32.110 22.513 24.137 4.037   -1   -1 14.079 13.851 20.251 26.360 23.060 13.182 33.277 35.560 36.584 37.724 39.442 40.776 42.231 43.534 45.297 24.564 26.374 27.234 
18.259 17.172 16.185 15.120 14.228 13.305 11.773 10.431 9.268 8.208 7.217 5.856 4.934 3.896 2.963 2.100 0.952 0.000 1.194 2.135 3.030 4.314 5.245 6.306 7.453 8.515 9.750 10.350 11.430 12.324 13.161 10.999 11.649 12.823 12.604 14.940 16.613 17.702 18.894 13.697 14.796 16.035 11.444 10.485 9.646 6.702 7.832 8.602 10.065 11.351 12.330 13.141 14.445 15.484 10.986 11.799 7.908 20.017 21.147 22.029 16.953 18.248 19.625 21.087 22.382 14.956 16.512 18.353 19.563 20.599 21.761 22.716 23.903 25.001 26.433 27.722 16.249 17.366 18.370 19.642 20.700 5.180 6.080 7.624 8.699 9.418 10.421 11.364 12.524 13.205 14.104 14.945 16.146 17.457 12.428 13.834 15.144 16.382 17.221 18.222 19.904 21.668 22.674 24.566 25.884 27.483 28.825 31.551 34.044 34.957 36.257 37.655 39.147 19.250 21.012 14.216 15.869 16.758 18.274 19.044 20.350 21.441 22.279 23.048 24.466 25.606 26.771 27.959 29.979 31.158 21.561 23.185 3.085   -1   -1 13.127 12.899 19.299 25.499 24.012 12.230 32.325 34.608 35.632 36.772 38.490 39.824 41.279 42.582 44.345 23.612 25.422 26.282 
19.453 18.366 17.379 16.314 15.422 14.499 12.967 11.625 10.462 9.402 8.411 7.050 6.128 5.090 4.157 3.294 2.146 1.194 0.000 0.941 1.836 3.120 4.051 5.112 6.259 7.321 8.556 9.156 10.236 11.130 11.967 9.805 10.455 11.629 11.410 13.746 15.419 16.508 17.700 12.503 13.602 14.841 10.250 9.291 8.452 5.508 6.638 7.408 8.871 10.157 11.136 11.947 13.251 14.290 9.792 10.605 6.714 18.823 19.953 20.835 15.759 17.054 18.431 19.893 21.188 13.762 15.318 17.159 18.369 19.405 20.567 21.522 22.709 23.807 25.239 26.528 15.055 16.172 17.176 18.448 19.506 3.986 4.886 6.430 7.505 8.224 9.227 10.170 11.330 12.011 12.910 13.751 14.952 16.263 11.234 12.640 13.950 15.188 16.027 17.028 18.710 20.474 21.480 23.372 24.690 26.289 27.631 30.357 32.850 33.763 35.063 36.461 37.953 20.444 22.206 13.022 14.675 15.564 17.080 17.850 19.156 20.247 21.085 21.854 23.272 24.412 25.577 26.765 28.785 29.964 20.367 21.991 1.891   -1   -1 11.933 11.705 18.105 24.305 25.206 11.036 31.131 33.414 34.438 35.578 37.296 38.630 40.085 41.388 43.151 22.418 24.228 25.088 
20.394 19.307 18.320 17.255 16.363 15.440 13.908 12.566 11.403 10.343 9.352 7.991 7.069 6.031 5.098 4.235 3.087 2.135 0.941 0.000 0.895 2.179 3.110 4.171 5.318 6.380 7.615 8.215 9.295 10.189 11.026 8.864 9.514 10.688 10.469 12.805 14.478 15.567 16.759 11.562 12.661 13.900 9.309 8.350 7.511 4.567 5.697 6.467 7.930 9.216 10.195 11.006 12.310 13.349 8.851 9.664 5.773 17.882 19.012 19.894 14.818 16.113 17.490 18.952 20.247 12.821 14.377 16.218 17.428 18.464 19.626 20.581 21.768 22.866 24.298 25.587 14.114 15.231 16.235 17.507 18.565 3.045 3.945 5.489 6.564 7.283 8.286 9.229 10.389 11.070 11.969 12.810 14.011 15.322 10.293 11.699 13.009 14.247 15.086 16.087 17.769 19.533 20.539 22.431 23.749 25.348 26.690 29.416 31.909 32.822 34.122 35.520 37.012 21.385 23.147 12.081 13.734 14.623 16.139 16.909 18.215 19.306 20.144 20.913 22.331 23.471 24.636 25.824 27.844 29.023 19.426 21.050 0.950   -1   -1 10.992 10.764 17.164 23.364 26.147 10.095 30.190 32.473 33.497 34.637 36.355 37.689 39.144 40.447 42.210 21.477 23.287 24.147 
21.289 20.202 19.215 18.150 17.258 16.335 14.803 13.461 12.298 11.238 10.247 8.886 7.964 6.926 5.993 5.130 3.982 3.030 1.836 0.895 0.000 1.284 2.215 3.276 4.423 5.485 6.720 7.320 8.400 9.294 10.131 7.969 8.619 9.793 10.987 13.323 14.996 16.085 17.277 12.080 13.179 14.418 10.204 9.245 8.406 5.462 6.592 7.362 8.825 10.111 11.090 11.901 13.205 14.244 7.956 8.769 6.668 18.400 19.530 20.412 15.336 16.631 18.008 19.470 20.765 11.926 13.482 15.323 16.533 17.569 18.731 19.686 20.873 21.971 23.403 24.692 13.219 14.336 15.340 16.612 17.670 3.940 4.840 6.384 7.459 8.178 9.181 10.124 11.284 11.965 12.864 13.705 14.906 16.217 9.398 10.804 12.114 13.352 14.191 15.192 16.874 18.638 19.644 21.536 22.854 24.453 25.795 28.521 31.014 31.927 33.227 34.625 36.117 22.280 24.042 11.186 12.839 13.728 15.244 16.014 17.320 18.411 19.249 20.018 21.436 22.576 23.741 24.929 26.949 28.128 18.531 20.155 1.845   -1   -1 10.097 9.869 16.269 22.469 25.769 9.200 29.295 31.578 32.602 33.742 35.460 36.794 38.249 39.552 41.315 21.995 23.805 24.665 
22.573 21.486 20.499 19.434 18.542 17.619 16.087 14.745 13.582 12.522 11.531 10.170 9.248 8.210 7.277 6.414 5.266 4.314 3.120 2.179 1.284 0.000 0.931 1.992 3.139 4.201 5.436 6.036 7.116 8.010 8.847 6.685 7.335 8.509 9.703 12.039 13.712 14.801 15.993 10.796 11.895 13.134 10.863 10.529 9.690 6.746 7.876 8.646 10.109 11.395 12.374 13.185 14.489 15.528 6.672 7.485 7.952 17.116 18.246 19.128 14.052 15.347 16.724 18.186 19.481 10.642 12.198 14.039 15.249 16.285 17.447 18.402 19.589 20.687 22.119 23.408 11.935 13.052 14.056 15.328 16.386 5.224 6.124 7.668 8.743 9.462 10.465 11.408 12.568 13.249 14.148 14.989 16.190 17.501 8.114 9.520 10.830 12.068 12.907 13.908 15.590 17.354 18.360 20.252 21.570 23.169 24.511 27.237 29.730 30.643 31.943 33.341 34.833 23.564 25.326 9.902 11.555 12.444 13.960 14.730 16.036 17.127 17.965 18.734 20.152 21.292 22.457 23.645 25.665 26.844 17.247 18.871 3.129   -1   -1 8.813 8.585 14.985 21.185 24.485 7.916 28.011 30.294 31.318 32.458 34.176 35.510 36.965 38.268 40.031 20.711 22.521 23.381 
23.504 22.417 21.430 20.365 19.473 18.550 17.018 15.676 14.513 13.453 12.462 11.101 10.179 9.141 8.208 7.345 6.197 5.245 4.051 3.110 2.215 0.931 0.000 1.061 2.208 3.270 4.505 5.105 6.185 7.079 7.916 5.754 6.404 7.578 8.772 11.108 12.781 13.870 15.062 9.865 10.964 12.203 9.932 10.891 10.621 7.677 8.807 9.577 11.040 12.326 13.305 14.116 15.420 16.459 5.741 6.554 8.883 16.185 17.315 18.197 13.121 14.416 15.793 17.255 18.550 9.711 11.267 13.108 14.318 15.354 16.516 17.471 18.658 19.756 21.188 22.477 11.004 12.121 13.125 14.397 15.455 6.155 7.055 8.599 9.674 10.393 11.396 12.339 13.499 14.180 15.079 15.920 17.121 18.432 7.183 8.589 9.899 11.137 11.976 12.977 14.659 16.423 17.429 19.321 20.639 22.238 23.580 26.306 28.799 29.712 31.012 32.410 33.902 24.495 26.257 8.971 10.624 11.513 13.029 13.799 15.105 16.196 17.034 17.803 19.221 20.361 21.526 22.714 24.734 25.913 16.316 17.940 4.060   -1   -1 7.882 7.654 14.054 20.254 23.554 6.985 27.080 29.363 30.387 31.527 33.245 34.579 36.034 37.337 39.100 19.780 21.590 22.450 
24.565 23.478 22.491 21.426 20.534 19.611 18.079 16.737 15.574 14.514 13.523 12.162 11.240 10.202 9.269 8.406 7.258 6.306 5.112 4.171 3.276 1.992 1.061 0.000 1.147 2.209 3.444 4.044 5.124 6.018 6.855 4.693 5.343 6.517 7.711 10.047 11.720 12.809 14.001 8.804 9.903 11.142 8.871 9.830 10.669 8.738 9.868 10.638 12.101 13.387 14.366 15.177 16.481 17.520 4.680 5.493 9.944 15.124 16.254 17.136 12.060 13.355 14.732 16.194 17.489 8.650 10.206 12.047 13.257 14.293 15.455 16.410 17.597 18.695 20.127 21.416 9.943 11.060 12.064 13.336 14.394 7.216 8.116 9.660 10.735 11.454 12.457 13.400 14.560 15.241 16.140 16.981 18.182 19.493 6.122 7.528 8.838 10.076 10.915 11.916 13.598 15.362 16.368 18.260 19.578 21.177 22.519 25.245 27.738 28.651 29.951 31.349 32.841 25.556 25.493 7.910 9.563 10.452 11.968 12.738 14.044 15.135 15.973 16.742 18.160 19.300 20.465 21.653 23.673 24.852 15.255 16.879 5.121   -1   -1 6.821 6.593 12.993 19.193 22.493 5.924 26.019 28.302 29.326 30.466 32.184 33.518 34.973 36.276 38.039 18.719 20.529 21.389 
25.712 24.625 23.638 22.573 21.681 20.758 19.226 17.884 16.721 15.661 14.670 13.309 12.387 11.349 10.416 9.553 8.405 7.453 6.259 5.318 4.423 3.139 2.208 1.147 0.000 1.062 2.297 2.897 3.977 4.871 5.708 3.546 4.196 5.370 6.564 8.900 10.573 11.662 12.854 7.657 8.756 9.995 7.724 8.683 9.522 9.885 11.015 11.785 13.248 14.534 15.513 16.324 17.628 18.667 3.533 4.346 11.091 13.977 15.107 15.989 10.913 12.208 13.585 15.047 16.342 7.503 9.059 10.900 12.110 13.146 14.308 15.263 16.450 17.548 18.980 20.269 8.796 9.913 10.917 12.189 13.247 8.363 9.263 10.807 11.882 12.601 13.604 14.547 15.707 16.388 17.287 18.128 19.329 20.640 4.975 6.381 7.691 8.929 9.768 10.769 12.451 14.215 15.221 17.113 18.431 20.030 21.372 24.098 26.591 27.504 28.804 30.202 31.694 26.108 24.346 6.763 8.416 9.305 10.821 11.591 12.897 13.988 14.826 15.595 17.013 18.153 19.318 20.506 22.526 23.705 14.108 15.732 6.268   -1   -1 5.674 5.446 11.846 18.046 21.346 4.777 24.872 27.155 28.179 29.319 31.037 32.371 33.826 35.129 36.892 17.572 19.382 20.242 
26.037 25.687 24.700 23.635 22.743 21.820 20.288 18.946 17.783 16.723 15.732 14.371 13.449 12.411 11.478 10.615 9.467 8.515 7.321 6.380 5.485 4.201 3.270 2.209 1.062 0.000 1.235 1.835 2.915 3.809 4.646 2.484 3.134 4.308 5.502 7.838 9.511 10.600 11.792 6.595 7.694 8.933 6.662 7.621 8.460 10.947 12.077 12.847 14.310 15.596 16.575 17.386 18.690 19.729 2.471 3.284 10.198 12.915 14.045 14.927 9.851 11.146 12.523 13.985 15.280 6.441 7.997 9.838 11.048 12.084 13.246 14.201 15.388 16.486 17.918 19.207 7.734 8.851 9.855 11.127 12.185 9.425 10.325 11.869 12.944 13.663 14.666 15.609 16.769 17.450 18.349 19.190 20.391 21.702 3.913 5.319 6.629 7.867 8.706 9.707 11.389 13.153 14.159 16.051 17.369 18.968 20.310 23.036 25.529 26.442 27.742 29.140 30.632 25.046 23.284 5.701 7.354 8.243 9.759 10.529 11.835 12.926 13.764 14.533 15.951 17.091 18.256 19.444 21.464 22.643 13.046 14.670 7.330   -1   -1 4.612 4.384 10.784 16.984 20.284 3.715 23.810 26.093 27.117 28.257 29.975 31.309 32.764 34.067 35.830 16.510 18.320 19.180 
24.802 25.889 25.935 24.870 23.978 23.055 21.523 20.181 19.018 17.958 16.967 15.606 14.684 13.646 12.713 11.850 10.702 9.750 8.556 7.615 6.720 5.436 4.505 3.444 2.297 1.235 0.000 0.600 1.680 2.574 3.411 1.249 1.899 3.073 4.267 6.603 8.276 9.365 10.557 5.360 6.459 7.698 5.427 6.386 7.225 10.169 11.299 12.069 13.532 14.818 15.797 16.608 17.912 18.951 1.236 2.049 8.963 11.680 12.810 13.692 8.616 9.911 11.288 12.750 14.045 5.206 6.762 8.603 9.813 10.849 12.011 12.966 14.153 15.251 16.683 17.972 6.499 7.616 8.620 9.892 10.950 10.660 11.560 13.104 14.179 14.898 15.901 16.844 18.004 18.685 19.584 20.425 21.626 22.937 2.678 4.084 5.394 6.632 7.471 8.472 10.154 11.918 12.924 14.816 16.134 17.733 19.075 21.801 24.294 25.207 26.507 27.905 29.397 23.811 22.049 4.466 6.119 7.008 8.524 9.294 10.600 11.691 12.529 13.298 14.716 15.856 17.021 18.209 20.229 21.408 11.811 13.435 8.565   -1   -1 3.377 3.149 9.549 15.749 19.049 2.480 22.575 24.858 25.882 27.022 28.740 30.074 31.529 32.832 34.595 15.275 17.085 17.945 
25.402 26.489 26.535 25.470 24.578 23.655 22.123 20.781 19.618 18.558 17.567 16.206 15.284 14.246 13.313 12.450 11.302 10.350 9.156 8.215 7.320 6.036 5.105 4.044 2.897 1.835 0.600 0.000 1.080 1.974 2.811 1.849 2.499 3.673 4.867 7.203 8.876 9.965 11.157 5.960 7.059 8.298 6.027 6.986 7.825 10.769 11.899 12.669 14.132 15.418 16.397 17.208 18.512 19.551 1.836 2.649 9.563 12.280 13.410 14.292 9.216 10.511 11.888 13.350 14.645 4.606 6.162 8.003 9.213 10.249 11.411 12.366 13.553 14.651 16.083 17.372 5.899 7.016 8.020 9.292 10.350 11.260 12.160 13.704 14.779 15.498 16.501 17.444 18.604 19.285 20.184 21.025 22.226 23.537 3.278 4.684 5.994 7.232 8.071 9.072 10.754 12.518 13.524 15.416 16.734 18.333 19.675 22.401 24.894 25.807 27.107 28.505 29.997 24.411 22.649 5.066 6.719 7.608 9.124 9.894 11.200 12.291 13.129 13.898 15.316 16.456 17.621 18.809 20.829 22.008 11.211 12.835 9.165   -1   -1 2.983 3.749 10.149 16.349 19.649 1.880 23.175 25.458 26.482 27.622 29.340 30.674 32.129 33.432 35.195 15.875 17.685 18.545 
26.482 27.569 27.615 26.550 25.658 24.735 23.203 21.861 20.698 19.638 18.647 17.286 16.364 15.326 14.393 13.530 12.382 11.430 10.236 9.295 8.400 7.116 6.185 5.124 3.977 2.915 1.680 1.080 0.000 0.894 1.731 2.929 3.579 4.753 5.947 8.283 9.956 11.045 12.237 7.040 8.139 9.378 7.107 8.066 8.905 11.849 12.979 13.749 15.212 16.498 17.477 18.288 19.592 20.631 2.916 3.231 10.643 13.360 14.490 15.372 10.296 11.591 12.968 14.430 15.725 3.526 5.082 6.923 8.133 9.169 10.331 11.286 12.473 13.571 15.003 16.292 4.819 5.936 6.940 8.212 9.270 12.340 13.240 14.784 15.859 16.578 17.581 18.524 19.684 20.365 21.264 22.105 23.306 24.617 3.860 5.266 6.576 7.814 8.653 9.654 11.336 13.100 14.106 15.998 17.316 18.915 20.257 22.983 25.476 26.389 27.689 29.087 30.579 25.491 23.729 5.648 7.301 8.190 9.706 10.476 11.782 12.873 13.711 14.480 15.898 17.038 18.203 19.391 21.411 22.590 10.131 11.755 10.245   -1   -1 1.903 4.829 11.229 17.429 20.729 0.800 23.757 26.040 27.064 28.204 29.922 31.256 32.711 34.014 35.777 16.955 18.765 19.625 
27.376 28.463 28.509 27.444 26.552 25.629 24.097 22.755 21.592 20.532 19.541 18.180 17.258 16.220 15.287 14.424 13.276 12.324 11.130 10.189 9.294 8.010 7.079 6.018 4.871 3.809 2.574 1.974 0.894 0.000 0.837 3.823 4.473 5.647 6.841 9.177 10.850 11.939 13.131 7.934 9.033 10.272 8.001 8.960 9.799 12.743 13.873 14.643 16.106 17.392 18.371 19.182 20.486 21.525 3.810 4.125 11.537 14.254 15.384 16.266 11.190 12.485 13.862 15.324 16.619 2.632 4.188 6.029 7.239 8.275 9.437 10.392 11.579 12.677 14.109 15.398 3.925 5.042 6.046 7.318 8.376 13.234 14.134 15.678 16.753 17.472 18.475 19.418 20.578 21.259 22.158 22.999 24.200 25.511 4.754 6.160 7.470 8.708 9.547 10.548 12.230 13.994 15.000 16.892 18.210 19.809 21.151 23.877 26.370 27.283 28.583 29.981 31.473 26.385 24.623 6.542 8.195 9.084 10.600 11.370 12.676 13.767 14.605 15.374 16.792 17.932 19.097 20.285 22.305 23.484 9.237 10.861 11.139   -1   -1 2.797 5.723 12.123 18.323 21.623 1.694 24.651 26.934 27.958 29.098 30.816 32.150 33.605 34.908 36.671 17.849 19.659 20.519 
28.213 29.300 29.346 28.281 27.389 26.466 24.934 23.592 22.429 21.369 20.378 19.017 18.095 17.057 16.124 15.261 14.113 13.161 11.967 11.026 10.131 8.847 7.916 6.855 5.708 4.646 3.411 2.811 1.731 0.837 0.000 4.660 5.310 6.484 7.678 10.014 11.687 12.776 13.968 8.771 9.870 11.109 8.838 9.797 10.636 13.580 14.710 15.480 16.943 18.229 19.208 20.019 21.323 22.362 4.647 4.962 12.374 15.091 16.221 17.103 12.027 13.322 14.699 16.161 17.456 1.795 3.351 5.192 6.402 7.438 8.600 9.555 10.742 11.840 13.272 14.561 3.088 4.205 5.209 6.481 7.539 14.071 14.971 16.515 17.590 18.309 19.312 20.255 21.415 22.096 22.995 23.836 25.037 26.348 5.591 6.997 8.307 9.545 10.384 11.385 13.067 14.831 15.837 17.729 19.047 20.646 21.988 24.714 27.207 28.120 29.420 30.818 32.310 27.222 25.460 7.379 9.032 9.921 11.437 12.207 13.513 14.604 15.442 16.211 17.629 18.769 19.934 21.122 23.142 24.321 8.400 10.024 11.976   -1   -1 3.634 6.560 12.960 19.160 22.460 2.531 25.488 27.771 28.795 29.935 31.653 32.987 34.442 35.745 37.508 18.686 20.496 21.356 
23.553 24.640 25.627 26.119 25.227 24.304 22.772 21.430 20.267 19.207 18.216 16.855 15.933 14.895 13.962 13.099 11.951 10.999 9.805 8.864 7.969 6.685 5.754 4.693 3.546 2.484 1.249 1.849 2.929 3.823 4.660 0.000 0.650 1.824 3.018 5.354 7.027 8.116 9.308 4.111 5.210 6.449 4.178 5.137 5.976 8.920 10.050 10.820 12.283 13.569 14.548 15.359 16.663 17.702 2.485 3.298 7.714 10.431 11.561 12.443 7.367 8.662 10.039 11.501 12.796 6.455 8.011 9.852 11.062 12.098 13.260 14.215 15.402 16.500 17.932 19.221 7.748 8.865 9.869 11.141 12.199 10.442 11.342 12.886 13.961 14.680 15.683 16.626 17.786 18.467 19.366 20.207 21.408 22.719 3.927 5.333 6.643 7.881 8.720 9.721 11.403 13.167 14.173 16.065 17.383 18.982 20.324 23.050 25.543 26.456 27.756 29.154 30.646 22.562 20.800 5.715 7.368 8.257 9.773 10.543 11.849 12.940 13.778 14.547 15.965 17.105 18.270 19.458 21.478 22.657 13.060 14.684 9.814   -1   -1 4.626 1.900 8.300 14.500 17.800 3.729 23.824 26.107 27.131 28.271 29.989 31.323 32.778 34.081 35.844 14.026 15.836 16.696 
24.203 25.290 26.277 26.769 25.877 24.954 23.422 22.080 20.917 19.857 18.866 17.505 16.583 15.545 14.612 13.749 12.601 11.649 10.455 9.514 8.619 7.335 6.404 5.343 4.196 3.134 1.899 2.499 3.579 4.473 5.310 0.650 0.000 1.174 2.368 4.704 6.377 7.466 8.658 3.461 4.560 5.799 3.528 4.487 5.326 8.270 9.400 10.170 11.633 12.919 13.898 14.709 16.013 17.052 3.135 3.948 7.064 9.781 10.911 11.793 6.717 8.012 9.389 10.851 12.146 7.105 8.661 10.502 11.712 12.748 13.910 14.865 16.052 17.150 18.582 19.871 8.398 9.515 10.519 11.791 12.849 9.792 10.692 12.236 13.311 14.030 15.033 15.976 17.136 17.817 18.716 19.557 20.758 22.069 4.577 5.983 7.293 8.531 9.370 10.371 12.053 13.817 14.823 16.715 18.033 19.632 20.974 23.700 26.193 27.106 28.406 29.804 31.296 23.212 21.450 6.365 8.018 8.907 10.423 11.193 12.499 13.590 14.428 15.197 16.615 17.755 18.920 20.108 22.128 23.307 13.710 15.334 10.464   -1   -1 5.276 2.550 8.950 15.150 18.450 4.379 24.474 26.757 27.781 28.921 30.639 31.973 33.428 34.731 36.494 13.376 15.186 16.046 
25.377 26.464 27.451 27.943 27.051 26.128 24.596 23.254 22.091 21.031 20.040 18.679 17.757 16.719 15.786 14.923 13.775 12.823 11.629 10.688 9.793 8.509 7.578 6.517 5.370 4.308 3.073 3.673 4.753 5.647 6.484 1.824 1.174 0.000 1.194 3.530 5.203 6.292 7.484 2.287 3.386 4.625 2.354 3.313 4.152 7.096 8.226 8.996 10.459 11.745 12.724 13.535 14.839 15.878 4.309 5.122 5.890 8.607 9.737 10.619 5.543 6.838 8.215 9.677 10.972 8.279 9.835 11.676 12.886 13.922 15.084 16.039 17.226 18.324 19.756 21.045 9.572 10.689 11.693 12.965 14.023 8.618 9.518 11.062 12.137 12.856 13.859 14.802 15.962 16.643 17.542 18.383 19.584 20.895 5.751 7.157 8.467 9.705 10.544 11.545 13.227 14.991 15.997 17.889 19.207 20.806 22.148 24.874 27.367 28.280 29.580 30.978 32.470 24.386 22.624 7.539 9.192 10.081 11.597 12.367 13.673 14.764 15.602 16.371 17.789 18.929 20.094 21.282 23.302 24.481 14.884 16.508 10.713   -1   -1 6.450 3.724 10.124 16.324 19.624 5.553 25.648 27.931 28.955 30.095 31.813 33.147 34.602 35.905 37.668 12.202 14.012 14.872 
26.571 27.658 28.645 27.724 26.832 25.909 24.377 23.035 21.872 20.812 19.821 18.460 17.538 16.500 15.567 14.704 13.556 12.604 11.410 10.469 10.987 9.703 8.772 7.711 6.564 5.502 4.267 4.867 5.947 6.841 7.678 3.018 2.368 1.194 0.000 2.336 4.009 5.098 6.290 1.093 2.192 3.431 1.160 2.119 2.958 5.902 7.032 7.802 9.265 10.551 11.530 12.341 13.645 14.684 5.503 6.316 4.696 7.413 8.543 9.425 4.349 5.644 7.021 8.483 9.778 9.473 11.029 12.870 14.080 15.116 16.278 17.233 18.420 19.518 20.950 22.239 10.766 11.883 12.887 14.159 15.217 7.424 8.324 9.868 10.943 11.662 12.665 13.608 14.768 15.449 16.348 17.189 18.390 19.701 6.945 8.351 9.661 10.899 11.738 12.739 14.421 16.185 17.191 19.083 20.401 22.000 23.342 26.068 28.561 29.474 30.774 32.172 33.664 25.580 23.818 8.733 10.386 11.275 12.791 13.561 14.867 15.958 16.796 17.565 18.983 20.123 21.288 22.476 24.496 25.675 16.078 17.702 9.519   -1   -1 7.644 4.918 11.318 17.518 20.818 6.747 26.842 29.125 30.149 31.289 33.007 34.341 35.796 37.099 38.862 11.008 12.818 13.678 
28.907 29.994 30.981 30.060 29.168 28.245 26.713 25.371 24.208 23.148 22.157 20.796 19.874 18.836 17.903 17.040 15.892 14.940 13.746 12.805 13.323 12.039 11.108 10.047 8.900 7.838 6.603 7.203 8.283 9.177 10.014 5.354 4.704 3.530 2.336 0.000 1.673 2.762 3.954 3.429 4.528 5.767 3.496 4.455 5.294 8.238 9.368 10.138 11.601 12.887 13.866 14.677 15.981 17.020 7.839 8.652 7.032 5.077 6.207 7.089 6.685 7.980 9.357 10.819 12.114 11.809 13.365 15.206 16.416 17.452 18.614 19.569 20.756 21.854 23.286 24.575 13.102 14.219 15.223 16.495 17.553 9.760 10.660 12.204 13.279 13.998 15.001 15.944 17.104 17.785 18.684 19.525 20.726 22.037 9.281 10.687 11.997 13.235 14.074 15.075 16.757 18.521 19.527 21.419 22.737 24.336 25.678 28.404 30.897 31.810 33.110 34.508 36.000 27.916 26.154 11.069 12.722 13.611 15.127 15.897 17.203 18.294 19.132 19.901 21.319 22.459 23.624 24.812 26.832 28.011 18.414 20.038 11.855   -1   -1 9.980 7.254 13.654 19.854 23.154 9.083 29.178 31.461 32.485 33.625 35.343 36.677 38.132 39.435 41.198 13.344 15.154 16.014 
30.580 31.667 32.654 31.733 30.841 29.918 28.386 27.044 25.881 24.821 23.830 22.469 21.547 20.509 19.576 18.713 17.565 16.613 15.419 14.478 14.996 13.712 12.781 11.720 10.573 9.511 8.276 8.876 9.956 10.850 11.687 7.027 6.377 5.203 4.009 1.673 0.000 1.089 2.281 5.102 6.201 7.440 5.169 6.128 6.967 9.911 11.041 11.811 13.274 14.560 15.539 16.350 17.654 18.693 9.512 10.325 8.705 3.404 4.534 5.416 8.358 9.653 11.030 12.492 13.787 13.482 15.038 16.879 18.089 19.125 20.287 21.242 22.429 23.527 24.959 26.248 14.775 15.892 16.896 18.168 19.226 11.433 12.333 13.877 14.952 15.671 16.674 17.617 18.777 19.458 20.357 21.198 22.399 23.710 10.954 12.360 13.670 14.908 15.747 16.748 18.430 20.194 21.200 23.092 24.410 26.009 27.351 30.077 32.570 33.483 34.783 36.181 37.673 29.589 27.827 12.742 14.395 15.284 16.800 17.570 18.876 19.967 20.805 21.574 22.992 24.132 25.297 26.485 28.505 29.684 20.087 21.711 13.528   -1   -1 11.653 8.927 15.327 21.527 24.827 10.756 30.851 33.134 34.158 35.298 37.016 38.350 39.805 41.108 42.871 15.017 16.827 17.687 
31.669 32.756 33.743 32.822 31.930 31.007 29.475 28.133 26.970 25.910 24.919 23.558 22.636 21.598 20.665 19.802 18.654 17.702 16.508 15.567 16.085 14.801 13.870 12.809 11.662 10.600 9.365 9.965 11.045 11.939 12.776 8.116 7.466 6.292 5.098 2.762 1.089 0.000 1.192 6.191 7.290 8.529 6.258 7.217 8.056 11.000 12.130 12.900 14.363 15.649 16.628 17.439 18.743 19.782 10.601 11.414 9.794 2.315 3.445 4.327 9.447 10.742 12.119 13.581 14.876 14.571 16.127 17.968 19.178 20.214 21.376 22.331 23.518 24.616 26.048 27.337 15.864 16.981 17.985 19.257 20.315 12.522 13.422 14.966 16.041 16.760 17.763 18.706 19.866 20.547 21.446 22.287 23.488 24.799 12.043 13.449 14.759 15.997 16.836 17.837 19.519 21.283 22.289 24.181 25.499 27.098 28.440 31.166 33.659 34.572 35.872 37.270 38.762 30.678 28.916 13.831 15.484 16.373 17.889 18.659 19.965 21.056 21.894 22.663 24.081 25.221 26.386 27.574 29.594 30.773 21.176 22.800 14.617   -1   -1 12.742 10.016 16.416 22.616 25.916 11.845 31.940 34.223 35.247 36.387 38.105 39.439 40.894 42.197 43.960 16.106 17.916 18.776 
