0.00000 1.08700 2.04578 3.11004 3.99142 4.91674 6.12788 5.90046 5.45781 5.33563 5.60071 6.23428 6.84903 7.55647 8.29411 9.01177 10.01149 10.84165 11.96894 12.30405 12.48628 12.83128 13.36353 14.29257 15.26229 15.72225 16.39758 16.69372 17.46278 18.15666 18.73487 17.12247 17.69266 18.56495 18.98175 20.85409 22.32879 23.41501 24.45939 19.31202 19.80117 19.77481 17.99831 17.23165 16.60056 15.03913 15.46724 15.79107 15.99151 15.57527 15.75019 15.95211 16.36265 16.77402 15.54731 15.02384 15.55594 25.59291 26.61548 27.42222 19.46904 18.99928 18.53579 18.83638 19.32999 20.50686 21.45364 22.14173 22.49634 23.15556 24.09269 24.62562 25.46473 26.28810 27.41580 28.37906 21.62126 22.71019 23.65771 24.89270 25.76284 13.91292 13.50526 12.86162 12.51121 12.32319 12.13346 12.00498 11.95182 11.97675 12.00164 12.00339 12.18168 12.46964 14.90869 14.48555 14.64857 14.08242 13.97162 13.93356 14.19925 14.64382 14.59095 13.65488 13.08107 12.68918 12.13727 11.96633 10.87439 10.69338 10.63198 12.48515 12.80981 0.99100 2.54396 16.29596 16.47805 17.04764 16.71329 16.52340 17.38547 18.39070 19.14703 19.71676 20.78404 21.66472 22.35876 23.19382 24.19892 24.90770 26.48901 28.06230 13.29626 -1 -1 16.05202 15.49206 9.61533 6.11846 2.86057 18.12778 25.61328 26.97159 27.53752 28.22337 29.27046 30.14337 31.12044 32.03213 33.32190 19.11914 19.62447 20.25450 
1.08700 0.00000 0.98700 2.05825 2.94031 3.86583 5.07147 4.87664 4.51290 4.51473 4.91245 5.72108 6.43824 7.24662 8.05029 8.82072 9.86671 10.74322 11.91260 12.31112 12.56483 13.01021 13.60047 14.55768 15.56241 16.07931 16.82026 17.14368 17.95315 18.67412 19.27539 17.49112 18.04085 18.87123 19.23159 21.15596 22.65780 23.75709 24.81445 19.50621 19.93328 19.85262 18.21741 17.42552 16.76453 15.04238 15.38940 15.67568 15.79625 15.30626 15.41549 15.56981 15.90460 16.26026 16.01930 15.54320 15.63263 25.95992 26.99824 27.81779 19.50608 18.96417 18.42911 18.65017 19.07882 21.05382 22.03487 22.78919 23.18481 23.86506 24.81862 25.37366 26.23718 27.08006 28.19703 29.13823 22.14477 23.21695 24.15322 25.37240 26.25922 13.84814 13.38245 12.62709 12.19526 11.95205 11.68208 11.48226 11.33862 11.31643 11.27843 11.22728 11.33601 11.56091 15.45540 15.11742 15.33028 14.84759 14.78273 14.78056 15.11800 15.61435 15.58596 14.68037 14.12483 13.74586 13.19392 12.98822 11.83534 11.61633 11.48925 13.25715 13.61300 1.95610 3.20161 16.91516 17.16381 17.77145 17.49826 17.33786 18.23318 19.24821 20.00786 20.59169 21.65810 22.54856 23.26547 24.11924 25.15812 25.88082 26.99971 28.57097 13.30204 -1 -1 16.52233 15.92288 10.23826 7.13655 3.91780 18.62118 26.60574 27.98966 28.56392 29.25771 30.31379 31.19202 32.17328 33.08746 34.37916 18.79387 19.23618 19.83913 
2.04578 0.98700 0.00000 1.06500 1.94793 2.87345 4.10077 3.98691 3.76944 3.96113 4.52332 5.51393 6.32350 7.21860 8.07401 8.88470 9.96277 10.87459 12.07400 12.52788 12.84427 13.37534 14.01263 14.98978 16.02057 16.58373 17.37705 17.72205 18.56262 19.30410 19.92286 18.00134 18.53252 19.32535 19.63631 21.60156 23.12409 24.23292 25.29993 19.86171 20.23280 20.10363 18.59793 17.78624 17.10106 15.24131 15.51204 15.76196 15.80611 15.24666 15.29058 15.39659 15.65293 15.94956 16.61840 16.18150 15.89563 26.45419 27.50476 28.33438 19.72098 19.11429 18.51402 18.65898 19.02374 21.70379 22.71107 23.51694 23.94408 24.63995 25.60540 26.17688 27.05828 27.91528 29.02378 29.94796 22.77430 23.83146 24.75737 25.96213 26.86187 13.99012 13.47269 12.61496 12.10587 11.80889 11.45844 11.18484 10.94402 10.86946 10.75993 10.64700 10.67089 10.81515 16.11557 15.84435 16.09438 15.67354 15.64111 15.66349 16.04739 16.57437 16.55914 15.66739 15.11692 14.73476 14.17199 13.91400 12.69507 12.43784 12.24678 13.92748 14.31239 2.88861 3.90066 17.62875 17.92783 18.56312 18.33498 18.19573 19.11349 20.13459 20.89607 21.48925 22.55457 23.45132 24.18340 25.04924 26.10926 26.84022 27.61349 29.18173 13.51176 -1 -1 17.11878 16.48875 10.97420 8.12239 4.90598 19.23180 27.57609 28.97288 29.55067 30.24734 31.30571 32.18441 33.16505 34.07788 35.36676 18.66691 19.04521 19.61936 
3.11004 2.05825 1.06500 0.00000 0.89200 1.80759 3.07363 3.10143 3.12864 3.58385 4.32548 5.48603 6.37232 7.33930 8.23362 9.07450 10.17323 11.11298 12.33413 12.84219 13.22092 13.83613 14.51789 15.51120 16.56475 17.17285 18.01674 18.38261 19.25266 20.01339 20.64873 18.59270 19.10388 19.85673 20.11641 22.11969 23.66098 24.77801 25.85356 20.29061 20.60285 20.42345 19.05570 18.22588 17.51791 15.52285 15.71255 15.92304 15.88580 15.25437 15.22739 15.28020 15.44911 15.67898 17.30211 16.90508 16.24091 27.01551 28.07761 28.91680 20.00401 19.33095 18.66354 18.72699 19.02205 22.42974 23.46231 24.31937 24.77786 25.48896 26.46577 27.05350 27.95250 28.82339 29.92290 30.82947 23.47830 24.51898 25.43333 26.62211 27.53422 14.21828 13.64945 12.68856 12.10001 11.74683 11.31057 10.95680 10.60752 10.47312 10.28080 10.09542 10.01694 10.06167 16.86084 16.65559 16.94136 16.58093 16.57967 16.62551 17.05347 17.60945 17.60674 16.72819 16.18249 15.79737 15.22456 14.91791 13.63858 13.34611 13.09545 14.68818 15.10023 3.92304 4.76884 18.42389 18.77217 19.43387 19.25007 19.13156 20.07058 21.09708 21.85999 22.46211 23.52594 24.42863 25.17554 26.05319 27.13408 27.87320 28.29657 29.86045 13.81299 -1 -1 17.79873 17.13968 11.80645 9.18278 5.96888 19.92179 28.61994 30.02955 30.61088 31.31043 32.37109 33.25027 34.23028 35.14175 36.42779 18.58859 18.89598 19.43696 
3.99142 2.94031 1.94793 0.89200 0.00000 0.92300 2.25097 2.47840 2.80145 3.49370 4.35644 5.61781 6.54496 7.55225 8.46542 9.32118 10.42680 11.38213 12.61355 13.16196 13.58799 14.26644 14.98047 15.98358 17.05232 17.69407 18.57568 18.95714 19.84881 20.62354 21.27104 19.11317 19.60790 20.32819 20.54701 22.57748 24.13179 25.25417 26.33549 20.68032 20.94512 20.72581 19.47049 18.62795 17.90351 15.80641 15.93052 16.10847 16.00513 15.31686 15.23133 15.23961 15.33442 15.50691 17.89614 17.53027 16.57305 27.50256 28.57300 29.41920 20.27759 19.55234 18.83198 18.82869 19.06569 23.05045 24.10190 24.99827 25.48090 26.20350 27.18875 27.78892 28.70134 29.58282 30.67501 31.56753 24.08096 25.10787 26.01242 27.18771 28.10897 14.46381 13.85607 12.81628 12.16591 11.76836 11.26317 10.84387 10.40359 10.21776 9.95333 9.70392 9.53205 9.48349 17.50265 17.34773 17.66019 17.34544 17.36746 17.43074 17.89127 18.46866 18.47526 17.60652 17.06434 16.67706 16.09695 15.75488 14.43231 14.11448 13.82059 15.34524 15.77699 4.78954 5.53979 19.10181 19.48730 20.16860 20.01862 19.91587 20.87058 21.90080 22.66456 23.27334 24.33576 25.24280 26.00098 26.88760 27.98449 28.72985 28.87934 30.43886 14.11829 -1 -1 18.38909 17.70875 12.52195 10.06119 6.84920 20.51708 29.48497 30.90448 31.48855 32.19033 33.25278 34.13233 35.11186 36.02226 37.30606 18.56976 18.81721 19.32913 
4.91674 3.86583 2.87345 1.80759 0.92300 0.00000 1.53200 2.03298 2.72703 3.62589 4.56689 5.88817 6.83642 7.86816 8.78944 9.65200 10.75621 11.72123 12.95676 13.54322 14.01479 14.75377 15.49777 16.50820 17.58983 18.26391 19.18167 19.57811 20.49023 21.27809 21.93712 19.68008 20.15766 20.84428 21.02160 23.07692 24.64276 25.76949 26.85574 21.11336 21.32957 21.06992 19.93079 19.07690 18.33726 16.14224 16.19931 16.34344 16.17245 15.42763 15.28137 15.24292 15.25912 15.36989 18.53783 18.20318 16.95591 28.02711 29.10529 29.95808 20.59307 19.81574 19.04244 18.97017 19.14622 23.71345 24.78311 25.71840 26.22505 26.95889 27.95224 28.56475 29.49045 30.38242 31.46693 32.34498 24.72507 25.73738 26.63140 27.79227 28.72224 14.76543 14.12049 13.00471 12.29407 11.85281 11.27866 10.79289 10.25813 10.01774 9.67583 9.35669 9.07973 8.92303 18.19194 18.08654 18.42481 18.15492 18.19961 18.27987 18.77210 19.37053 19.38642 18.52773 17.98947 17.60095 17.01460 16.64068 15.27914 14.93824 14.60472 16.06345 16.51329 5.70513 6.38324 19.82500 20.24687 20.94708 20.83056 20.74340 21.71326 22.74687 23.51127 24.12656 25.18733 26.09855 26.86795 27.76351 28.87655 29.62826 29.50030 31.05457 14.48147 -1 -1 19.02651 18.32602 13.28945 10.98278 7.77377 21.15693 30.39198 31.82184 32.40885 33.11309 34.17767 35.05785 36.03717 36.94672 38.22858 18.58611 18.76988 19.24989 
6.12788 5.07147 4.10077 3.07363 2.25097 1.53200 0.00000 1.34200 2.25080 3.31360 4.27698 5.60790 6.54953 7.58823 8.50013 9.35664 10.44063 11.40879 12.63752 13.28203 13.82767 14.66862 15.46259 16.48029 17.58028 18.31349 19.29938 19.72495 20.67644 21.48969 22.17166 19.71761 20.15989 20.77979 20.87999 22.97384 24.55661 25.68861 26.78158 20.89737 21.02911 20.70318 19.76773 18.89733 18.13436 15.78564 15.73480 15.82557 15.55389 14.73173 14.50173 14.40066 14.31574 14.35090 18.73246 18.46659 16.67274 27.95853 29.04927 29.91311 20.18154 19.32479 18.47373 18.30037 18.39001 23.93617 25.04346 26.06667 26.63075 27.39151 28.40396 29.04790 30.00821 30.92827 31.98982 32.82722 24.90430 25.88315 26.75311 27.88171 28.82780 14.36281 13.66381 12.44090 11.64788 11.14823 10.48404 9.91437 9.26484 8.96084 8.53334 8.14251 7.76735 7.52836 18.49180 18.50233 18.90346 18.75511 18.86658 19.00053 19.60587 20.29770 20.36627 19.58781 19.11133 18.79836 18.26514 17.99116 16.68327 16.36154 16.04894 17.52140 17.96960 6.98714 7.78990 20.19667 20.70632 21.45341 21.42964 21.38894 22.40400 23.44649 24.21151 24.84756 25.90095 26.82516 27.63378 28.56249 29.74304 30.52455 29.62045 31.16113 14.18190 -1 -1 19.20998 18.47063 13.80204 12.06528 8.98131 21.33748 31.33407 32.83361 33.44702 34.17930 35.28100 36.18810 37.19420 38.12518 39.43337 17.74557 17.84681 18.28580 
5.90046 4.87664 3.98691 3.10143 2.47840 2.03298 1.34200 0.00000 1.16300 2.22902 3.17861 4.49957 5.43601 6.47268 7.38182 8.23664 9.31809 10.28589 11.51369 12.16201 12.71524 13.57119 14.37397 15.39212 16.49494 17.24094 18.24355 18.67696 19.63932 20.45979 21.14863 18.64097 19.07506 19.68159 19.76976 21.86837 23.45324 24.58574 25.67947 19.77867 19.90458 19.57700 18.65514 17.78307 17.01779 14.65979 14.61037 14.70470 14.44506 13.63702 13.42836 13.34766 13.30478 13.38009 17.70017 17.45791 15.54983 26.85702 27.94959 28.81512 19.05571 18.20256 17.35892 17.20192 17.31214 22.90773 24.02672 25.08133 25.66826 26.43994 27.46001 28.11779 29.09381 30.02706 31.07650 31.89411 23.86160 24.83016 25.69307 26.81285 27.76261 13.23662 12.53867 11.32315 10.54117 10.05252 9.41124 8.87033 8.27451 8.00911 7.64634 7.32471 7.07822 7.00547 17.49645 17.55437 17.98363 17.89822 18.04792 18.21474 18.89571 19.65790 19.77091 19.06889 18.65756 18.43343 17.97224 17.86331 16.68188 16.41902 16.19304 17.78329 18.20009 6.83256 7.85456 19.22708 19.77436 20.54262 20.56696 20.55251 21.59272 22.63898 23.40326 24.05133 25.09871 26.02994 26.86299 27.81304 29.04078 29.84422 28.55872 30.09531 13.05868 -1 -1 18.17360 17.42336 12.91312 11.60260 8.69135 20.29798 30.68962 32.24812 32.88548 33.64421 34.78280 35.71810 36.75365 37.70925 39.04919 16.69398 16.82847 17.28718 
5.45781 4.51290 3.76944 3.12864 2.80145 2.72703 2.25080 1.16300 0.00000 1.06000 2.02620 3.35878 4.30349 5.34366 6.25890 7.11810 8.20819 9.17706 10.40896 11.04199 11.57896 12.41889 13.21655 14.23454 15.33619 16.07847 17.07936 17.51285 18.47604 19.29744 19.98742 17.47946 17.91619 18.52998 18.63001 20.72305 22.30588 23.43794 24.53100 18.65406 18.80176 18.49456 17.51880 16.64949 15.88862 13.57059 13.56120 13.67886 13.46966 12.70686 12.55437 12.52080 12.56434 12.71356 16.53759 16.30024 14.43928 25.70805 26.79916 27.66346 17.98867 17.16665 16.35849 16.25583 16.42003 21.74551 22.86661 23.92969 24.52477 25.30073 26.32388 26.98769 27.97094 28.91055 29.95383 30.76211 22.69773 23.66595 24.52912 25.64990 26.59916 12.16203 11.48442 10.31724 9.58059 9.12891 8.55331 8.08430 7.60604 7.41676 7.17217 6.96732 6.91297 7.05514 16.34261 16.41879 16.86130 16.81092 16.98436 17.17276 17.90642 18.72076 18.86860 18.23052 17.87560 17.73036 17.33601 17.38308 16.33050 16.12790 15.99127 17.69689 18.07900 6.43596 7.65785 18.08196 18.64537 19.42378 19.47450 19.47581 20.53111 21.57913 22.34249 22.99790 24.04087 24.97615 25.82474 26.78865 28.04861 28.86737 27.39491 28.93195 11.95023 -1 -1 17.01045 16.25930 11.81164 10.84061 8.12157 19.13443 29.73872 31.34122 31.99693 32.77619 33.94385 34.90172 35.96112 36.93686 38.30304 15.86242 16.06386 16.55855 
5.33563 4.51473 3.96113 3.58385 3.49370 3.62589 3.31360 2.22902 1.06000 0.00000 0.99100 2.31023 3.26042 4.30129 5.22048 6.08229 7.17864 8.14725 9.38150 10.00126 10.52547 11.35507 12.15054 13.16847 14.26981 15.01219 16.01583 16.45133 17.41783 18.24169 18.93422 16.41291 16.84977 17.46624 17.57311 19.66260 21.24424 22.37602 23.46870 17.60758 17.77181 17.48108 16.46424 15.59693 14.83930 12.55396 12.57948 12.71795 12.55530 11.83655 11.73789 11.74951 11.87577 12.09514 15.48142 15.25424 13.40458 24.64546 25.73583 26.59952 16.98823 16.19338 15.41728 15.36387 15.57731 20.68999 21.81550 22.89278 23.49970 24.28151 25.30867 25.98036 26.97275 27.92019 28.95558 29.75181 21.63735 22.60277 23.46444 24.58390 25.53361 11.15923 10.50073 9.38127 8.69127 8.27848 7.77302 7.38174 7.02993 6.92116 6.80003 6.71496 6.84605 7.18234 15.30320 15.40664 15.86697 15.86141 16.06369 16.27764 17.07140 17.94304 18.12890 17.56109 17.26695 17.20453 16.88005 17.08347 16.16070 16.01673 15.96514 17.77053 18.11933 6.32918 7.71625 17.05566 17.64144 18.43292 18.51684 18.53732 19.60993 20.65935 21.42118 22.08480 23.12209 24.06159 24.92759 25.90668 27.20181 28.03692 26.32989 27.86629 10.91846 -1 -1 15.95270 15.19811 10.84931 10.28263 7.80018 18.07534 28.93590 30.58443 31.25909 32.05939 33.25656 34.23711 35.32031 36.31598 37.70796 15.07695 15.34041 15.86744 
5.60071 4.91245 4.52332 4.32548 4.35644 4.56689 4.27698 3.17861 2.02620 0.99100 0.00000 1.36100 2.29096 3.33158 4.25141 5.11366 6.21160 7.17989 8.41464 9.03126 9.55601 10.39371 11.19556 12.21374 13.31712 14.06951 15.08692 15.52905 16.50463 17.33442 18.03263 15.46668 15.89726 16.50460 16.60505 18.69690 20.27971 21.41179 22.50492 16.63723 16.80357 16.51813 15.49521 14.62731 13.86913 11.59040 11.63259 11.78304 11.65078 10.96459 10.90731 10.95492 11.14898 11.42694 14.57397 14.36936 12.43545 23.68204 24.77347 25.63816 16.03079 15.24985 14.49301 14.47227 14.72081 19.78265 20.91778 22.02219 22.64922 23.44024 24.47340 25.15701 26.16271 27.12120 28.14482 28.92289 20.71748 21.67417 22.53006 23.64258 24.59496 10.20200 9.55383 8.46589 7.81171 7.43120 6.98744 6.66809 6.43634 6.40432 6.40097 6.42953 6.72939 7.23565 14.43122 14.58170 15.06938 15.12833 15.36923 15.61610 16.48325 17.42110 17.65024 17.16217 16.93464 16.95949 16.70738 17.06368 16.26579 16.17568 16.19991 18.08577 18.40501 6.58122 8.08305 16.20605 16.82755 17.63816 17.76932 17.81581 18.91009 19.96025 20.71939 21.39298 22.42215 23.36636 24.25368 25.25087 26.58757 27.44140 25.39378 26.92693 9.95016 -1 -1 15.04112 14.27718 10.10844 10.03798 7.82615 17.15968 28.37186 30.07145 30.76673 31.58963 32.81808 33.82234 34.93015 35.94621 37.36426 14.26444 14.57640 15.12853 
6.23428 5.72108 5.51393 5.48603 5.61781 5.88817 5.60790 4.49957 3.35878 2.31023 1.36100 0.00000 0.92200 1.99169 2.91213 3.77480 4.87464 5.84232 7.07754 7.69117 8.22020 9.07606 9.89024 10.90835 12.01505 12.78537 13.82647 14.27973 15.27001 16.10909 16.81622 14.17540 14.59448 15.18471 15.27217 17.36882 18.95382 20.08640 21.18032 15.29801 15.46463 15.18515 14.16011 13.29076 12.53084 10.25711 10.32290 10.49113 10.40562 9.77189 9.78026 9.88453 10.18391 10.55091 13.35114 13.18534 11.09579 22.35805 23.45137 24.31784 14.70495 13.94341 13.21484 13.24273 13.54366 18.55544 19.70562 20.85309 21.51164 22.31656 23.35832 24.05999 25.08555 26.06033 27.06509 27.81463 19.46899 20.41075 21.25670 22.35727 23.31393 8.87784 8.24558 7.21031 6.61925 6.29697 5.96512 5.77535 5.75165 5.84582 6.02802 6.22707 6.75871 7.48078 13.26883 13.49722 14.02830 14.19074 14.49187 14.78930 15.76608 16.80029 17.09312 16.72494 16.59567 16.74595 16.59787 17.16497 16.54108 16.52349 16.64780 18.63037 18.90973 7.16766 8.77437 15.07763 15.75602 16.59569 16.80131 16.88845 18.01369 19.06262 19.81607 20.50363 21.51854 22.46839 23.38666 24.40962 25.80651 26.68694 24.11682 25.64426 8.61130 -1 -1 13.81067 13.03137 9.18471 9.88660 8.09324 15.92035 27.66259 29.43472 30.15913 31.01379 32.28591 33.32312 34.46496 35.50905 36.96281 13.15471 13.53919 14.12740 
6.84903 6.43824 6.32350 6.37232 6.54496 6.83642 6.54953 5.43601 4.30349 3.26042 2.29096 0.92200 0.00000 1.03800 1.96053 2.82310 3.92319 4.89069 6.12599 6.74109 7.27924 8.15777 8.98500 10.00218 11.11157 11.89940 12.96246 13.42576 14.42864 15.27539 15.98988 13.28147 13.68891 14.26128 14.33401 16.43608 18.02332 19.15632 20.25098 14.35068 14.51298 14.23480 13.21921 12.34791 11.58535 9.30679 9.38650 9.56693 9.51589 8.92377 8.98388 9.13266 9.51384 9.94850 12.52278 12.39264 10.14449 21.42923 22.52444 23.39266 13.75801 13.00809 12.29876 12.36140 12.70060 17.71815 18.88085 20.06469 20.74941 21.56534 22.61346 23.32954 24.37063 25.35798 26.34676 27.07263 18.61219 19.54006 20.37668 21.46598 22.42635 7.93256 7.31121 6.31844 5.78321 5.51414 5.28514 5.21248 5.36600 5.56035 5.88245 6.20340 6.88708 7.74205 12.49543 12.79181 13.35878 13.60762 13.95726 14.29467 15.35527 16.46094 16.80161 16.52529 16.46955 16.71097 16.63826 17.35146 16.84883 16.88000 17.07024 19.11066 19.36322 7.74087 9.39105 14.33078 15.05673 15.91929 16.18623 16.30639 17.45420 18.50004 19.24758 19.94514 20.94715 21.90015 22.84166 23.88354 25.32553 26.22543 23.23275 24.75468 7.65963 -1 -1 12.97468 12.18202 8.63924 9.94120 8.45664 15.07412 27.23460 29.05986 29.80547 30.68310 31.98661 33.04734 34.21337 35.27725 36.75609 12.36283 12.80126 13.41525 
7.55647 7.24662 7.21860 7.33930 7.55225 7.86816 7.58823 6.47268 5.34366 4.30129 3.33158 1.99169 1.03800 0.00000 0.93300 1.78473 2.88804 3.85382 5.08942 5.70012 6.24390 7.14473 7.98534 9.00051 10.11189 10.91781 12.00369 12.47746 13.49308 14.34732 15.06913 12.29038 12.68560 13.24023 13.29992 15.40628 16.99530 18.12856 19.22377 13.31042 13.47345 13.20180 12.18308 11.31040 10.54613 8.27435 8.38252 8.58375 8.58751 8.05977 8.19459 8.40490 8.89407 9.41363 11.60401 11.51434 9.10413 20.40239 21.49915 22.36884 12.73278 12.00404 11.32597 11.44052 11.83356 16.78423 17.95951 19.18154 19.89400 20.72118 21.77536 22.50646 23.56356 24.56378 25.53472 26.23483 17.65706 18.57008 19.39685 20.47453 21.43837 6.91244 6.31309 5.39786 4.95895 4.77801 4.70901 4.80380 5.18242 5.49131 5.96330 6.40741 7.23261 8.20497 11.63884 12.01212 12.61843 12.96497 13.36848 13.74993 14.90103 16.08276 16.47553 16.30205 16.32771 16.66839 16.67840 17.54789 17.17784 17.26131 17.52172 19.61928 19.84243 8.39846 10.07849 13.50042 14.27839 15.16487 15.50000 15.65694 16.82733 17.86755 18.60712 19.31454 20.30069 21.25581 22.22162 23.28296 24.77265 25.69284 22.24810 23.76427 6.62036 -1 -1 12.04675 11.24031 8.07026 10.03845 8.89605 14.13265 26.73760 28.61904 29.38706 30.28894 31.62550 32.71098 33.90243 34.98707 36.49216 11.56687 12.07599 12.72171 
8.29411 8.05029 8.07401 8.23362 8.46542 8.78944 8.50013 7.38182 6.25890 5.22048 4.25141 2.91213 1.96053 0.93300 0.00000 0.86300 1.96699 2.93217 4.16778 4.78310 5.34491 6.28386 7.14282 8.15330 9.26594 10.09498 11.20819 11.69408 12.72349 13.58540 14.31480 11.45362 11.83229 12.36170 12.40051 14.51376 16.10529 17.23877 18.33465 12.39727 12.55250 12.28075 11.28000 10.40463 9.63638 7.35363 7.47949 7.69698 7.74812 7.28139 7.48634 7.75392 8.34187 8.93703 10.85756 10.81538 8.18412 19.51367 20.61259 21.48431 11.81494 11.09943 10.44522 10.60271 11.04188 16.01292 17.20158 18.46511 19.20703 20.04549 21.10521 21.85155 22.92454 23.93732 24.88908 25.56186 16.86038 17.75525 18.56978 19.63285 20.60066 5.99865 5.41675 4.57892 4.24628 4.16352 4.26548 4.52634 5.10589 5.50873 6.09935 6.63867 7.56826 8.62632 10.96433 11.42162 12.06806 12.51519 12.97177 13.39565 14.63080 15.88100 16.32138 16.24335 16.34259 16.77030 16.85240 17.85249 17.59308 17.71876 18.03475 20.17377 20.37327 9.09750 10.79030 12.85028 13.68271 14.59242 14.99754 15.19155 16.38177 17.41406 18.14420 18.86018 19.82888 20.78469 21.77322 22.85230 24.38662 25.32532 21.41419 22.92296 5.69921 -1 -1 11.28854 10.46703 7.72974 10.29514 9.43458 13.35525 26.40299 28.33575 29.12409 30.04782 31.41396 32.52145 33.73538 34.83827 36.36631 10.83911 11.41057 12.08295 
9.01177 8.82072 8.88470 9.07450 9.32118 9.65200 9.35664 8.23664 7.11810 6.08229 5.11366 3.77480 2.82310 1.78473 0.86300 0.00000 1.14800 2.06929 3.30489 3.92544 4.50941 5.49253 6.37034 7.37291 8.48485 9.33761 10.47803 10.97585 12.01795 12.88649 13.62267 10.67942 11.04022 11.54276 11.55975 13.67956 15.27328 16.40675 17.50311 11.54236 11.68994 11.41869 10.43571 9.55773 8.78544 6.49212 6.64030 6.87730 6.98447 6.59065 6.87449 7.20390 7.89395 8.56357 10.18001 10.18789 7.32251 18.68234 19.78325 20.65684 10.95683 10.25670 9.62986 9.83519 10.32425 15.30154 16.50262 17.80659 18.57714 19.42599 20.49022 21.25096 22.33868 23.36298 24.29532 24.94101 16.12258 16.99855 17.80037 18.84838 19.81981 5.14673 4.58871 3.85865 3.67018 3.71190 4.00798 4.43486 5.19103 5.66965 6.35335 6.96623 7.97308 9.09407 10.36193 10.90444 11.58936 12.13583 12.64322 13.10716 14.41958 15.73158 16.21606 16.22847 16.39633 16.90368 17.05195 18.16886 18.00978 18.17303 18.53808 20.71117 20.88930 9.78136 11.47975 12.26760 13.15319 14.08404 14.55792 14.78811 15.99493 17.01724 17.73675 18.45983 19.40998 20.36509 21.37438 22.46929 24.04486 25.00033 20.63685 22.13787 4.83655 -1 -1 10.59757 9.76197 7.49304 10.59607 9.98439 12.64069 26.10844 28.08835 28.89534 29.83904 31.23216 32.35965 33.59399 34.71338 36.26214 10.19102 10.82702 11.52524 
10.01149 9.86671 9.96277 10.17323 10.42680 10.75621 10.44063 9.31809 8.20819 7.17864 6.21160 4.87464 3.92319 2.88804 1.96699 1.14800 0.00000 0.95200 2.20305 2.85553 3.50136 4.57592 5.48284 6.46238 7.56706 8.45898 9.64162 10.15748 11.21666 12.09311 12.83799 9.76611 10.09400 10.54589 10.51957 12.65102 14.24794 15.38077 16.47751 10.47037 10.59411 10.31381 9.38900 8.50607 7.72508 5.38666 5.55041 5.80995 5.99081 5.70281 6.09677 6.50977 7.33274 8.09516 9.43255 9.52099 6.23218 17.65663 18.76082 19.63756 9.85094 9.16145 8.56390 8.82723 9.37913 14.48209 15.70055 17.06485 17.87743 18.74034 19.80955 20.59042 21.69817 22.73786 23.64076 24.24600 15.25914 16.10306 16.88300 17.90494 18.88170 4.04513 3.51672 2.97125 3.03580 3.27423 3.83447 4.45801 5.40165 5.95615 6.73352 7.42174 8.50567 9.69048 9.73336 10.40217 11.13924 11.82460 12.39950 12.91555 14.32466 15.71193 16.25171 16.37970 16.63291 17.23646 17.46433 18.71641 18.67337 18.87874 19.29788 21.50544 21.65966 10.74787 12.44749 11.65843 12.61950 13.57722 14.14821 14.42858 15.65372 16.65847 17.36088 18.09177 19.01352 19.96541 21.00137 22.11598 23.74517 24.72183 19.70397 21.19122 3.74209 -1 -1 9.82597 8.97129 7.43243 11.15819 10.81843 11.82264 25.86929 27.90945 28.74014 29.70908 31.13608 32.28856 33.54829 34.68808 36.26233 9.33803 10.05683 10.78584 
10.84165 10.74322 10.87459 11.11298 11.38213 11.72123 11.40879 10.28589 9.17706 8.14725 7.17989 5.84232 4.89069 3.85382 2.93217 2.06929 0.95200 0.00000 1.19400 1.90373 2.60659 3.76030 4.68373 5.63254 6.72423 7.64594 8.85986 9.38912 10.45900 11.33936 12.08946 8.91898 9.21937 9.63163 9.57542 11.71315 13.31140 14.44339 15.54001 9.50829 9.62522 9.35020 8.44143 7.55602 6.77027 4.42517 4.64660 4.94943 5.24708 5.10987 5.63435 6.13622 7.08795 7.93264 8.72946 8.88886 5.26397 16.71874 17.82469 18.70318 8.89706 8.23971 7.69616 8.04489 8.67739 13.70114 14.93164 16.34305 17.18893 18.06208 19.13381 19.93021 21.05305 22.10418 22.98187 23.55357 14.44150 15.25924 16.02168 17.02345 18.00352 3.11554 2.66859 2.48041 2.88188 3.31327 4.07694 4.82853 5.88140 6.47775 7.30778 8.03937 9.16585 10.38616 9.13393 9.91042 10.68866 11.49212 12.12283 12.68156 14.16796 15.61498 16.20103 16.42988 16.75718 17.44351 17.74112 19.11051 19.17240 19.41583 19.88406 22.12072 22.25230 11.54461 13.24167 11.06493 12.08731 13.06425 13.71729 14.04019 15.27651 16.26270 16.94826 17.68388 18.57899 19.52603 20.58274 21.71215 23.38451 24.37783 18.82916 20.30569 2.77336 -1 -1 9.09957 8.23266 7.37070 11.59388 11.49411 11.04896 25.55742 27.64674 28.49687 29.48650 30.94129 32.11429 33.39489 34.55145 36.14663 8.74892 9.55758 10.31575 
11.96894 11.91260 12.07400 12.33413 12.61355 12.95676 12.63752 11.51369 10.40896 9.38150 8.41464 7.07754 6.12599 5.08942 4.16778 3.30489 2.20305 1.19400 0.00000 0.94100 1.66575 2.93593 3.85308 4.71669 5.76685 6.73226 7.98846 8.53563 9.61520 10.49653 11.25093 7.93483 8.18468 8.52257 8.40773 10.55525 12.15444 13.28393 14.37959 8.30047 8.39287 8.11553 7.26834 6.37910 5.58379 3.19296 3.50112 3.87228 4.35550 4.46128 5.16072 5.77130 6.87052 7.80388 7.98867 8.25827 4.03899 15.55691 16.66553 17.54679 7.67044 7.05178 6.58411 7.05335 7.79564 12.80493 14.05039 15.52976 16.42309 17.30904 18.38187 19.19915 20.34149 21.40703 22.24694 22.76921 13.48485 14.25864 14.99134 15.95867 16.94309 1.94412 1.70344 2.24705 3.05670 3.66517 4.59243 5.44383 6.58085 7.20974 8.08413 8.85527 10.01980 11.27328 8.55056 9.47752 10.30608 11.26588 11.96622 12.57707 14.15378 15.66904 16.31099 16.66535 17.08247 17.86640 18.24632 19.74925 19.93163 20.21757 20.73989 23.00541 23.11151 12.63883 14.32992 10.47060 11.57485 12.57254 13.33723 13.71699 14.96142 15.91720 16.57654 17.31566 18.17083 19.10808 20.19008 21.33660 23.06330 24.07679 17.77338 19.23118 1.54800 -1 -1 8.31723 7.43957 7.56479 12.31228 12.46844 10.17577 25.29687 27.44746 28.32175 29.33694 30.82588 32.02398 33.33002 34.50688 36.12731 8.02552 8.94915 9.73876 
12.30405 12.31112 12.52788 12.84219 13.16196 13.54322 13.28203 12.16201 11.04199 10.00126 9.03126 7.69117 6.74109 5.70012 4.78310 3.92544 2.85553 1.90373 0.94100 0.00000 0.89500 2.14644 3.05357 3.90333 4.95295 5.91821 7.17607 7.72440 8.80437 9.68546 10.44001 7.12363 7.38180 7.74574 7.67174 9.81066 11.40923 12.54087 13.63740 7.61799 7.78746 7.58282 6.53781 5.65286 4.86965 2.73568 3.31330 3.78876 4.48259 4.79376 5.59175 6.25367 7.41447 8.38085 7.19453 7.49006 3.41336 14.81597 15.92240 16.80146 7.19756 6.70589 6.38842 7.01603 7.86768 11.99077 13.23652 14.72021 15.61900 16.50655 17.57927 18.39957 19.54489 20.61274 21.44614 21.96170 12.67234 13.45114 14.18951 15.16618 16.14939 1.80743 1.94807 2.91034 3.80722 4.44150 5.38733 6.24778 7.39056 8.02113 8.89734 9.66940 10.83398 12.08673 7.79521 8.76995 9.61469 10.63599 11.36535 11.99866 13.61485 15.16113 15.83127 16.25531 16.72520 17.56897 18.00295 19.59814 19.87432 20.19516 20.76370 23.05213 23.13487 12.92844 14.60730 9.70757 10.83432 11.83689 12.63908 13.03986 14.28516 15.22774 15.87648 16.61600 17.45612 18.38920 19.47903 20.63069 22.37597 23.39641 16.97842 18.44234 0.95000 -1 -1 7.51510 6.63680 7.18150 12.24533 12.62560 9.36265 24.63145 26.80567 27.68964 28.71526 30.21846 31.42726 32.74436 33.93015 35.56186 8.23610 9.23880 10.04467 
12.48628 12.56483 12.84427 13.22092 13.58799 14.01479 13.82767 12.71524 11.57896 10.52547 9.55601 8.22020 7.27924 6.24390 5.34491 4.50941 3.50136 2.60659 1.66575 0.89500 0.00000 1.28400 2.18835 3.06385 4.13503 5.08292 6.32925 6.87372 7.95253 8.83410 9.58823 6.32212 6.61288 7.04511 7.05632 9.17043 10.76388 11.89735 12.99371 7.09870 7.38947 7.29225 5.94009 5.07162 4.32253 2.70032 3.55836 4.11469 4.97406 5.43732 6.29362 6.98429 8.17864 9.16240 6.32781 6.62545 3.07101 14.17294 15.27414 16.14835 6.99300 6.66911 6.52894 7.31102 8.25767 11.15493 12.39674 13.86539 14.75746 15.64379 16.71659 17.53510 18.67917 19.74632 20.58234 21.10371 11.85942 12.66020 13.41646 14.41749 15.39717 2.24296 2.63608 3.75627 4.67272 5.30911 6.25279 7.10908 8.24596 8.87348 9.74430 10.51017 11.66772 12.91307 6.93516 7.93538 8.78992 9.85517 10.60656 11.25731 12.90420 14.47493 15.16883 15.65507 16.17323 17.07243 17.55802 19.24178 19.61261 19.96890 20.58459 22.89366 22.95180 13.05731 14.71640 8.84415 9.97982 10.98445 11.80762 12.22191 13.46707 14.40057 15.04251 15.78205 16.61327 17.54391 18.63782 19.79219 21.54819 22.57278 16.22261 17.70067 1.17857 -1 -1 6.65195 5.77409 6.64295 11.99526 12.61092 8.51848 23.81722 26.00700 26.89759 27.93046 29.44374 30.66025 31.98541 33.17779 34.81789 8.74647 9.80915 10.62451 
12.83128 13.01021 13.37534 13.83613 14.26644 14.75377 14.66862 13.57119 12.41889 11.35507 10.39371 9.07606 8.15777 7.14473 6.28386 5.49253 4.57592 3.76030 2.93593 2.14644 1.28400 0.00000 0.93100 1.88694 2.99532 3.88847 5.10199 5.63651 6.71108 7.59263 8.34517 5.19357 5.54930 6.11117 6.28206 8.32378 9.89575 11.02573 12.11653 6.49603 6.98707 7.06670 5.22369 4.41573 3.77006 3.14667 4.25080 4.86551 5.87794 6.49631 7.40551 8.12259 9.34879 10.34946 5.05274 5.35004 3.01123 13.29219 14.38095 15.24457 6.91006 6.84581 6.95689 7.92440 8.97772 9.94166 11.17483 12.61414 13.49286 14.37661 15.44947 16.26427 17.40563 18.47119 19.31275 19.84519 10.68815 11.52755 12.31423 13.35586 14.32754 3.23578 3.79710 5.02062 5.95082 6.58783 7.52774 8.37823 9.50693 10.13012 10.99336 11.75058 12.89799 14.13253 5.66718 6.71135 7.58148 8.72025 9.50681 10.18476 11.87725 13.48322 14.21340 14.79736 15.39013 16.37312 16.93719 18.75140 19.26476 19.67330 20.35779 22.69113 22.71238 13.32159 14.94088 7.57013 8.71953 9.72704 10.58375 11.01977 12.26341 13.18166 13.81248 14.55171 15.36888 16.29557 17.39541 18.55360 20.32537 21.35595 15.14547 16.64541 2.18702 -1 -1 5.38622 4.51019 5.96679 11.70714 12.67038 7.29227 22.61426 24.82692 25.72723 26.77071 28.29872 29.52644 30.86332 32.06522 33.71741 9.61240 10.74111 11.56340 
13.36353 13.60047 14.01263 14.51789 14.98047 15.49777 15.46259 14.37397 13.21655 12.15054 11.19556 9.89024 8.98500 7.98534 7.14282 6.37034 5.48284 4.68373 3.85308 3.05357 2.18835 0.93100 0.00000 1.06100 2.12681 2.97642 4.17633 4.70921 5.78349 6.66504 7.41759 4.31117 4.70448 5.34844 5.63116 7.60192 9.15135 10.27478 11.35881 5.96763 6.59741 6.80542 4.63625 3.90094 3.37133 3.52996 4.72432 5.35603 6.45065 7.17475 8.11873 8.85416 10.10424 11.11847 4.14208 4.48741 3.06613 12.52939 13.60851 14.46443 6.75638 6.88213 7.17139 8.25657 9.37612 9.01745 10.24882 11.68741 12.57059 13.45599 14.52882 15.34674 16.49133 17.55943 18.39407 18.92038 9.77631 10.63073 11.43059 12.49109 13.45791 3.93538 4.58561 5.88880 6.84417 7.49148 8.44073 9.29690 10.42995 11.05461 11.91958 12.67784 13.82558 15.05968 4.82870 5.95774 6.84813 8.08178 8.90680 9.61265 11.34736 12.98399 13.74822 14.42403 15.08291 16.13618 16.76494 18.67991 19.30256 19.74939 20.48306 22.82909 22.82333 13.80265 15.39051 6.70828 7.89173 8.90353 9.81665 10.28361 11.52248 12.41745 13.03085 13.76880 14.56296 15.48237 16.59136 17.75495 19.54919 20.58761 14.27156 15.78116 2.95149 -1 -1 4.46425 3.58695 5.84609 11.82304 13.02388 6.36610 21.86390 24.10436 25.01597 26.07149 27.61574 28.85553 30.20475 31.41649 33.08096 10.11574 11.28922 12.11309 
14.29257 14.55768 14.98978 15.51120 15.98358 16.50820 16.48029 15.39212 14.23454 13.16847 12.21374 10.90835 10.00218 9.00051 8.15330 7.37291 6.46238 5.63254 4.71669 3.90333 3.06385 1.88694 1.06100 0.00000 1.14700 2.01926 3.27441 3.82708 4.90787 5.78749 6.54226 3.30763 3.68678 4.34607 4.69029 6.61259 8.15060 9.27087 10.35215 5.11709 5.86013 6.18612 3.75471 3.10305 2.71955 3.72775 4.95881 5.58849 6.75541 7.60397 8.58494 9.34012 10.61723 11.64714 3.43099 3.94225 2.94922 11.52080 12.59708 13.45110 6.24471 6.56564 7.04312 8.24340 9.42640 8.09119 9.33429 10.82603 11.74737 12.64153 13.71295 14.54643 15.70468 16.78238 17.58534 18.07338 8.80897 9.64074 10.42896 11.47960 12.44849 4.46664 5.21218 6.62218 7.62238 8.29198 9.26530 10.13984 11.29094 11.92345 12.80066 13.57106 14.73113 15.97679 4.34016 5.62949 6.54169 7.91767 8.79151 9.53090 11.31065 12.97854 13.78336 14.56994 15.30318 16.43064 17.12601 19.13715 19.86108 20.34126 21.11629 23.46978 23.44087 14.70313 16.27017 6.12524 7.38032 8.39323 9.41490 9.93548 11.15817 12.00634 12.58432 13.31713 14.06352 14.96568 16.09058 17.26240 19.09611 20.14721 13.26423 14.76969 3.60482 -1 -1 3.67979 2.80806 6.34850 12.47195 13.84661 5.45936 21.45368 23.73866 24.66787 25.74175 27.31023 28.56764 29.93462 31.16025 32.84177 10.28610 11.50713 12.32785 
15.26229 15.56241 16.02057 16.56475 17.05232 17.58983 17.58028 16.49494 15.33619 14.26981 13.31712 12.01505 11.11157 10.11189 9.26594 8.48485 7.56706 6.72423 5.76685 4.95295 4.13503 2.99532 2.12681 1.14700 0.00000 1.06200 2.30753 2.87396 3.94321 4.81036 5.56166 2.19907 2.58014 3.30881 3.79125 5.59498 7.10353 8.21499 9.28881 4.37742 5.28457 5.77286 3.00253 2.55462 2.46792 4.33451 5.54145 6.14952 7.35500 8.30097 9.30342 10.06930 11.36142 12.39964 2.74836 3.45617 3.33326 10.45205 11.52076 12.36934 5.97432 6.52797 7.20643 8.50609 9.73823 7.04752 8.29972 9.84288 10.80197 11.70313 12.77076 13.61876 14.78908 15.87495 16.64452 17.09388 7.72443 8.53770 9.31893 10.36694 11.33591 5.30426 6.10295 7.57352 8.59969 9.28239 10.26987 11.15557 12.31765 12.95494 13.83997 14.61837 15.78636 17.03948 3.90368 5.33113 6.24095 7.74786 8.66124 9.42725 11.23693 12.92557 13.76940 14.67222 15.48269 16.68605 17.45160 19.56217 20.39665 20.91304 21.73308 24.09127 24.03618 15.63780 17.17784 5.50635 6.82232 7.82146 8.95483 9.53018 10.72319 11.51284 12.04782 12.77083 13.46109 14.34070 15.47890 16.65600 18.52734 19.58959 12.15203 13.65703 4.54833 -1 -1 2.87486 2.07007 6.91734 13.13100 14.69277 4.44976 20.92567 23.25409 24.20061 25.29247 26.88464 28.15927 29.54361 30.78274 32.48080 10.71019 11.96803 12.77986 
15.72225 16.07931 16.58373 17.17285 17.69407 18.26391 18.31349 17.24094 16.07847 15.01219 14.06951 12.78537 11.89940 10.91781 10.09498 9.33761 8.45898 7.64594 6.73226 5.91821 5.08292 3.88847 2.97642 2.01926 1.06200 0.00000 1.23500 1.86170 2.93239 3.80247 4.55516 1.41988 1.97255 2.95037 3.69974 5.20385 6.61611 7.69331 8.73900 4.49126 5.55420 6.18594 3.18866 3.01307 3.16637 5.32160 6.51599 7.11526 8.32677 9.29407 10.29956 11.06677 12.36073 13.39989 1.87491 2.70104 4.27683 9.88069 10.92234 11.75087 6.50246 7.21142 7.99985 9.34076 10.59053 6.07297 7.31862 8.83887 9.79123 10.69184 11.75990 12.60690 13.77686 14.86269 15.63379 16.08996 6.80049 7.66161 8.47907 9.57320 10.52861 6.31645 7.11419 8.57844 9.59925 10.27838 11.26118 12.14242 13.29933 13.93409 14.81450 15.58752 16.74942 17.99597 3.16661 4.65364 5.54178 7.12393 8.05662 8.83540 10.65392 12.34881 13.21882 14.21082 15.08266 16.34735 17.17330 19.37073 20.31261 20.86524 21.73126 24.09009 24.00700 16.04340 17.54039 4.60494 5.94316 6.92749 8.11878 8.72468 9.89345 10.64628 11.15652 11.87280 12.53449 13.40274 14.54546 15.72367 17.61042 18.67700 11.33338 12.85903 5.55199 -1 -1 1.91193 1.20294 6.96410 13.20463 14.98005 3.45226 20.02628 22.37484 23.32970 24.43037 26.03436 27.31773 28.71102 29.95716 31.66389 11.60996 12.88003 13.68649 
16.39758 16.82026 17.37705 18.01674 18.57568 19.18167 19.29938 18.24355 17.07936 16.01583 15.08692 13.82647 12.96246 12.00369 11.20819 10.47803 9.64162 8.85986 7.98846 7.17607 6.32925 5.10199 4.17633 3.27441 2.30753 1.23500 0.00000 0.60000 1.63981 2.51535 3.26978 1.24900 1.81117 2.95381 3.95913 4.94940 6.16459 7.16427 8.14989 4.92988 6.11564 6.88413 3.81172 3.90523 4.24053 6.59302 7.77348 8.36299 9.57854 10.56736 11.57568 12.34410 13.63983 14.67985 1.23600 2.09856 5.51558 9.24490 10.23698 11.03001 7.31591 8.17540 9.06996 10.44644 11.71033 4.84243 6.07287 7.55476 8.49738 9.39731 10.46585 11.31177 12.48155 13.56756 14.33982 14.80466 5.65366 6.58732 7.45582 8.61246 9.54107 7.61148 8.40907 9.86813 10.88389 11.55947 12.53742 13.41392 14.56517 15.19708 16.07234 16.83936 17.99430 19.23321 2.53568 4.01434 4.82733 6.48572 7.42910 8.21424 10.02337 11.71247 12.61337 13.72299 14.67333 16.01362 16.91584 19.21784 20.29535 20.89257 21.81449 24.16743 24.04879 16.65273 18.09167 3.55104 4.90482 5.85023 7.12754 7.77698 8.89837 9.58939 10.05883 10.76235 11.37800 12.22713 13.37520 14.55368 16.46138 17.53329 10.32472 11.87404 6.84154 -1 -1 0.87811 0.91201 7.24932 13.42673 15.45251 2.19064 18.90057 21.27608 22.24206 23.35434 24.97378 26.26850 27.67333 28.92842 30.64612 12.77904 14.06048 14.85975 
16.69372 17.14368 17.72205 18.38261 18.95714 19.57811 19.72495 18.67696 17.51285 16.45133 15.52905 14.27973 13.42576 12.47746 11.69408 10.97585 10.15748 9.38912 8.53563 7.72440 6.87372 5.63651 4.70921 3.82708 2.87396 1.86170 0.60000 0.00000 1.08000 1.96110 2.71577 1.47851 2.04034 3.15333 4.21860 4.96865 6.07082 7.02204 7.97055 5.23457 6.44987 7.26149 4.20150 4.37446 4.75648 7.15576 8.33233 8.91893 10.13526 11.12994 12.13894 12.90763 14.20375 15.24396 1.19713 2.02106 6.07082 9.03631 9.99968 10.77247 7.73166 8.64006 9.56876 10.95547 12.22305 4.32709 5.54442 6.99895 7.93350 8.83264 9.90169 10.74622 11.91529 13.00100 13.77566 14.24706 5.18944 6.16195 7.05541 8.24132 9.15271 8.17809 8.97453 10.43011 11.44312 12.11684 13.09230 13.96641 15.11481 15.74529 16.61801 17.38213 18.53366 19.76888 2.40444 3.81404 4.57044 6.24544 7.18579 7.96857 9.76417 11.44471 12.35727 13.51752 14.50099 15.87230 16.80673 19.15127 20.28690 20.90288 21.84817 24.19619 24.06212 16.92043 18.33256 3.12755 4.47384 5.39198 6.70729 7.37556 8.46991 9.12956 9.57879 10.27537 10.86907 11.70889 12.85874 14.03678 15.95296 17.02680 9.92323 11.48174 7.40378 -1 -1 0.72452 1.25447 7.41674 13.53560 15.66391 1.66590 18.40149 20.78799 21.75852 22.87553 24.50124 25.80054 27.21004 28.46871 30.19079 13.30802 14.59282 15.38932 
17.46278 17.95315 18.56262 19.25266 19.84881 20.49023 20.67644 19.63932 18.47604 17.41783 16.50463 15.27001 14.42864 13.49308 12.72349 12.01795 11.21666 10.45900 9.61520 8.80437 7.95253 6.71108 5.78349 4.90787 3.94321 2.93239 1.63981 1.08000 0.00000 0.89400 1.63574 2.24123 2.61000 3.56848 4.68297 4.96335 5.81630 6.65520 7.51922 5.75046 6.99845 7.88304 4.89640 5.20934 5.67801 8.18869 9.34914 9.92523 11.14295 12.15930 13.17092 13.94064 15.23837 16.27931 1.95285 2.47906 7.07958 8.51858 9.42100 10.15186 8.42476 9.42803 10.42776 11.83460 13.10858 3.29116 4.48604 5.91816 6.85888 7.75997 8.82761 9.67655 10.84958 11.93801 12.70145 13.16652 4.23493 5.26894 6.20014 7.43030 8.30619 9.24364 10.04615 11.50794 12.52290 13.19728 14.17308 15.04708 16.19490 16.82494 17.69670 18.45944 19.60906 20.84187 2.71830 3.87228 4.47095 6.13164 7.04746 7.81347 9.56041 11.20993 12.14211 13.40248 14.44900 15.87695 16.87139 19.29125 20.53318 21.18243 22.16851 24.50399 24.34196 17.64528 19.01271 2.69117 3.94652 4.76209 6.15974 6.86756 7.88133 8.45309 8.84415 9.51806 10.04597 10.85547 12.00830 13.18297 15.12119 16.19924 9.05094 10.62007 8.48136 -1 -1 1.90300 2.25681 8.02743 14.00998 16.30203 0.80000 17.59312 20.00713 20.98888 22.11736 23.75803 25.06814 26.48851 27.75542 29.48742 14.23277 15.52512 16.31356 
18.15666 18.67412 19.30410 20.01339 20.62354 21.27809 21.48969 20.45979 19.29744 18.24169 17.33442 16.10909 15.27539 14.34732 13.58540 12.88649 12.09311 11.33936 10.49653 9.68546 8.83410 7.59263 6.66504 5.78749 4.81036 3.80247 2.51535 1.96110 0.89400 0.00000 0.83700 2.98130 3.23031 4.03951 5.14597 5.06483 5.68494 6.40870 7.18546 6.22543 7.47841 8.40783 5.51156 5.91309 6.43605 9.02055 10.16633 10.73308 11.95052 12.98450 13.99783 14.76807 16.06670 17.10792 2.76053 3.13325 7.89434 8.11552 8.95739 9.64723 8.99873 10.06786 11.11842 12.53746 13.81407 2.44836 3.61667 5.03945 5.99564 6.89956 7.96438 8.81990 9.99813 11.08982 11.83706 12.28943 3.47104 4.55553 5.51377 6.77496 7.61357 10.10327 10.91173 12.38081 13.39891 14.07481 15.05215 15.92721 17.07590 17.70624 18.57833 19.34118 20.49062 21.72292 3.27848 4.19520 4.64644 6.24559 7.12348 7.86384 9.55021 11.16047 12.10337 13.44033 14.53374 16.00217 17.04152 19.51491 20.83750 21.51137 22.52732 24.84995 24.66648 18.30836 19.64261 2.69407 3.76610 4.44487 5.88949 6.62213 7.54580 8.02697 8.35758 9.00448 9.46364 10.23911 11.39124 12.55949 14.51530 15.59550 8.33236 9.90565 9.35426 -1 -1 2.30098 3.12539 8.64281 14.50199 16.90617 0.47792 17.00563 19.44238 20.43345 21.57136 23.22422 24.54306 25.97218 27.24561 28.98539 14.96841 16.26554 17.04652 
