0.000 1.087 2.074 3.139 4.031 4.954 6.486 7.431 6.268 6.035 7.026 6.808 7.730 8.768 8.294 9.157 10.305 11.257 12.451 13.392 14.287 15.571 15.461 16.522 16.533 17.218 17.210 17.810 18.234 19.128 19.172 17.915 18.565 19.739 20.933 23.269 24.181 25.174 25.821 21.386 21.196 21.040 20.092 19.238 18.399 16.577 16.761 15.991 17.216 16.912 17.046 16.361 17.665 18.704 17.343 16.530 17.358 26.944 27.846 28.728 20.122 20.061 19.703 19.543 19.934 20.967 21.504 23.345 24.555 23.783 24.945 25.247 26.434 27.532 28.964 30.253 21.913 23.030 24.034 25.306 26.314 15.055 14.155 14.018 14.139 13.563 12.560 13.503 13.874 13.290 13.876 13.035 12.881 13.514 15.901 14.495 15.805 14.635 15.474 15.295 14.828 16.592 15.884 13.992 15.310 13.780 12.438 12.431 11.605 11.930 10.630 12.028 13.520 0.991 2.753 16.298 17.639 18.528 17.283 18.030 18.550 19.641 20.479 20.487 21.905 22.363 23.528 23.830 25.627 26.806 27.175 28.799 14.342 -1.000 -1.000 16.331 16.015 9.615 6.447 3.147 19.034 27.973 30.256 31.280 32.420 34.138 35.472 36.927 38.230 39.993 20.425 21.123 21.983 
1.087 0.000 0.987 2.052 2.944 3.867 5.399 6.344 5.181 4.948 5.939 5.721 6.643 7.681 8.614 9.477 10.625 11.577 12.771 13.712 14.607 15.891 16.548 17.609 17.620 18.305 18.297 18.897 19.321 20.215 20.259 19.002 19.652 20.826 21.572 23.908 25.268 26.261 26.908 21.706 21.515 21.360 20.412 19.558 18.719 16.897 16.980 16.210 16.129 17.232 16.417 15.606 16.910 17.899 18.430 17.617 17.678 28.031 28.933 29.815 20.442 20.381 19.097 19.863 20.254 22.054 22.591 24.432 25.642 24.870 26.032 26.334 27.521 28.619 30.051 31.340 23.000 24.117 25.121 26.393 27.401 15.375 14.475 12.931 14.006 13.883 12.880 12.607 12.787 12.203 12.789 11.948 11.794 12.427 16.988 15.582 16.892 15.722 16.561 16.382 15.518 17.282 16.574 14.682 16.000 14.551 13.209 13.202 12.376 13.017 11.717 13.115 14.607 2.078 3.840 17.385 18.726 19.615 18.370 19.117 19.239 20.330 21.168 21.176 22.594 23.053 24.218 24.520 26.317 27.496 28.262 29.886 14.662 -1.000 -1.000 17.418 17.102 10.702 7.137 3.918 20.121 28.663 30.946 31.970 33.110 34.828 36.162 37.617 38.920 40.683 19.796 20.036 20.896 
2.074 0.987 0.000 1.065 1.957 2.880 4.412 5.357 4.194 3.961 4.952 6.313 7.235 8.273 9.206 10.069 11.217 12.169 13.363 14.304 15.199 16.483 17.414 18.475 18.607 19.292 19.284 19.884 20.308 21.202 21.246 19.989 20.639 21.813 22.164 24.500 26.173 27.248 27.895 22.298 22.108 21.952 21.004 20.150 19.311 17.489 17.572 16.802 16.721 17.824 17.009 16.198 16.114 16.912 19.417 18.604 18.270 29.018 29.920 30.802 21.034 20.973 19.689 20.455 20.847 23.041 23.578 25.419 26.629 25.857 27.019 27.321 28.508 29.606 31.038 32.327 23.987 25.104 26.108 27.380 28.388 15.967 15.067 13.523 14.285 13.566 12.563 11.620 11.800 12.481 12.556 12.008 10.807 11.440 17.975 16.569 17.879 16.709 17.548 17.369 16.505 18.269 17.561 15.669 16.987 15.538 14.196 14.189 13.363 14.004 12.704 14.102 15.594 3.065 4.827 18.372 19.713 20.602 19.357 20.104 20.226 21.317 22.155 22.163 23.581 24.040 25.205 25.507 27.304 28.483 29.249 30.873 15.254 -1.000 -1.000 18.405 18.089 11.689 8.124 4.905 21.108 29.650 31.933 32.957 34.097 35.815 37.149 38.604 39.907 41.670 20.388 19.600 20.460 
3.139 2.052 1.065 0.000 0.892 1.815 3.347 4.292 3.129 4.189 5.180 6.541 7.463 8.501 9.434 10.297 11.445 12.397 13.591 14.532 15.427 16.711 17.642 18.703 19.672 20.357 20.349 20.949 21.373 22.267 22.311 21.054 21.704 22.549 22.391 24.727 26.400 27.489 28.681 22.525 22.335 22.179 21.231 20.377 19.538 17.716 17.800 17.030 16.948 18.052 17.236 16.425 16.342 15.847 20.482 19.669 18.498 29.804 30.934 31.816 21.261 21.200 19.917 20.683 21.074 24.106 24.643 26.484 27.694 26.922 28.084 28.386 29.573 30.671 32.103 33.392 25.052 26.169 27.173 28.445 29.453 16.194 15.294 13.751 14.513 13.794 12.791 11.848 10.735 11.416 11.491 11.490 11.035 10.375 19.040 17.634 18.944 17.774 18.613 18.434 17.564 19.328 18.620 16.728 18.046 16.603 15.261 15.254 14.428 15.069 13.769 15.167 16.659 4.130 5.892 19.437 20.778 21.667 20.422 21.169 21.286 22.377 23.215 23.223 24.641 25.099 26.264 26.566 28.363 29.542 30.314 31.938 15.482 -1.000 -1.000 19.470 19.154 12.754 9.183 5.970 22.173 30.709 32.992 34.016 35.156 36.874 38.208 39.663 40.966 42.729 20.615 19.827 19.849 
4.031 2.944 1.957 0.892 0.000 0.923 2.455 3.797 4.021 5.081 6.072 7.433 8.355 9.393 10.326 11.189 12.337 13.289 14.483 15.424 16.319 17.603 18.534 19.595 20.564 21.249 21.241 21.841 22.265 23.159 23.203 21.946 22.596 23.441 23.283 25.619 27.292 28.381 29.573 23.417 23.227 23.071 22.123 21.269 20.430 18.608 18.692 17.922 17.840 18.944 18.128 17.317 17.234 16.739 21.374 20.561 19.390 30.696 31.826 32.708 22.153 22.092 20.809 21.575 21.609 24.998 25.535 27.376 28.586 27.814 28.976 29.278 30.465 31.563 32.995 34.284 25.944 27.061 28.065 29.337 30.345 17.086 16.186 14.643 15.405 14.686 13.683 12.740 11.627 11.498 10.599 10.598 10.794 9.483 19.932 18.526 19.836 18.666 19.505 19.326 18.456 20.220 19.512 17.620 18.938 17.482 16.140 16.134 15.307 15.961 14.661 16.059 17.551 5.022 6.784 20.329 21.670 22.559 21.314 22.061 22.178 23.269 24.107 24.115 25.533 25.991 27.156 27.458 29.255 30.434 31.206 32.830 16.374 -1.000 -1.000 20.362 20.046 13.646 10.075 6.849 23.065 31.601 33.884 34.908 36.048 37.766 39.100 40.555 41.858 43.621 20.379 20.719 20.741 
4.954 3.867 2.880 1.815 0.923 0.000 1.532 2.874 4.037 5.097 6.088 7.449 8.371 9.409 10.342 11.205 12.353 13.305 14.499 15.440 16.335 17.619 18.550 19.611 20.758 21.820 22.164 22.764 23.188 24.082 24.126 22.869 23.519 23.457 23.299 25.635 27.308 28.397 29.589 23.434 23.243 23.087 22.139 21.286 20.447 18.624 18.708 17.938 17.857 18.825 17.846 17.334 16.910 16.368 22.297 21.484 19.406 30.712 31.842 32.724 22.169 22.109 20.825 21.591 20.686 25.921 26.458 28.299 29.509 28.737 29.899 30.201 31.388 32.486 33.918 35.207 26.867 27.984 28.988 30.260 31.268 17.102 16.202 14.659 15.081 14.362 13.359 12.416 11.256 10.575 9.676 9.675 10.876 9.879 20.855 19.449 20.759 19.589 20.428 20.249 19.379 21.143 20.435 18.543 19.861 18.405 17.063 17.057 16.230 16.884 15.584 16.982 18.474 5.945 7.707 21.252 22.593 23.482 22.237 22.984 23.101 24.192 25.030 25.038 26.456 26.914 28.079 28.381 30.178 31.357 32.129 33.753 16.390 -1.000 -1.000 21.285 20.969 14.569 10.998 7.772 23.988 32.524 34.807 35.831 36.971 38.689 40.023 41.478 42.781 44.544 19.456 20.395 20.370 
6.486 5.399 4.412 3.347 2.455 1.532 0.000 1.342 2.505 3.565 4.556 5.917 6.839 7.877 8.810 9.673 10.821 11.773 12.967 13.908 14.803 16.087 17.018 18.079 19.226 20.288 21.523 22.123 23.203 24.097 24.658 22.370 23.020 21.925 21.767 24.103 25.776 26.865 28.057 21.902 21.711 21.555 20.607 19.754 18.915 17.092 17.176 16.406 16.325 17.428 16.613 15.802 15.718 15.223 21.877 21.183 17.874 29.180 30.310 31.192 20.637 20.577 19.293 20.059 19.993 26.453 26.991 28.145 29.355 29.270 30.432 30.734 31.921 33.019 34.451 35.740 27.399 28.516 29.491 29.572 30.630 15.570 14.670 13.127 13.889 13.170 12.167 11.224 10.111 9.883 8.984 8.143 9.344 8.347 20.554 19.981 21.291 20.122 20.961 20.782 20.911 22.675 21.967 20.075 21.393 19.937 18.595 18.589 17.762 18.416 17.116 18.514 20.006 7.477 9.239 21.784 23.125 24.014 22.769 23.516 24.633 25.724 26.562 26.570 27.988 28.446 29.611 29.913 31.710 32.889 31.224 32.848 14.858 -1.000 -1.000 21.476 20.597 15.102 12.530 9.304 24.003 34.056 36.339 37.363 38.503 40.221 41.555 43.010 44.313 46.076 18.763 19.204 19.226 
7.431 6.344 5.357 4.292 3.797 2.874 1.342 0.000 1.163 2.223 3.214 4.575 5.497 6.535 7.468 8.331 9.479 10.431 11.625 12.566 13.461 14.745 15.676 16.737 17.884 18.946 20.181 20.781 21.861 22.755 23.316 21.028 21.678 20.583 20.425 22.761 24.434 25.523 26.715 20.560 20.369 20.213 19.265 18.412 17.573 15.750 15.834 15.064 14.983 16.086 15.271 14.460 14.376 13.881 20.535 19.841 16.532 27.838 28.968 29.850 19.295 19.235 17.951 18.717 18.656 25.111 25.649 26.803 28.013 27.928 29.090 29.392 30.579 31.677 33.109 34.398 26.057 27.174 28.149 28.230 29.288 14.228 13.328 11.785 12.547 11.828 10.825 9.882 8.769 8.545 7.646 8.487 8.316 7.005 19.212 18.639 19.949 18.780 19.619 19.440 21.122 22.886 22.761 20.869 22.187 20.656 19.314 19.308 17.717 18.468 17.168 18.566 20.058 8.422 8.821 20.442 21.783 22.672 21.427 22.174 23.480 24.571 25.409 26.178 27.596 28.272 29.437 30.124 32.144 33.323 29.882 31.506 13.516 -1.000 -1.000 20.134 19.255 13.760 13.323 10.023 22.661 34.490 36.773 37.797 38.937 40.655 41.989 43.444 44.747 46.510 17.426 17.862 17.884 
6.268 5.181 4.194 3.129 4.021 4.037 2.505 1.163 0.000 1.060 2.051 3.412 4.334 5.372 6.305 7.168 8.316 9.268 10.462 11.403 12.298 13.582 14.513 15.574 16.721 17.783 19.018 19.618 20.698 21.592 22.153 19.865 20.515 19.420 19.262 21.598 23.271 24.360 25.552 19.397 19.206 19.050 18.102 17.249 16.410 14.587 14.671 13.901 13.820 14.923 14.108 13.297 13.213 12.718 19.372 18.678 15.369 26.675 27.805 28.687 18.132 18.072 16.788 17.554 17.945 23.948 24.486 25.640 26.850 26.765 27.927 28.229 29.416 30.514 31.946 33.235 24.894 26.011 26.986 27.067 28.125 13.065 12.165 10.622 11.384 10.665 9.662 8.719 7.606 8.287 8.809 9.107 7.906 8.168 18.049 17.476 18.786 17.617 18.456 18.277 19.959 21.723 21.598 19.706 21.024 19.493 18.151 18.145 16.554 17.305 16.005 17.403 18.895 7.259 7.658 19.279 20.620 21.509 20.264 21.011 22.317 23.408 24.246 25.015 26.433 27.109 28.274 28.961 30.981 32.160 28.719 30.343 12.353 -1.000 -1.000 18.971 18.092 12.597 12.160 8.860 21.498 33.327 35.610 36.634 37.774 39.492 40.826 42.281 43.584 45.347 17.486 16.699 16.721 
6.035 4.948 3.961 4.189 5.081 5.097 3.565 2.223 1.060 0.000 0.991 2.352 3.274 4.312 5.245 6.108 7.256 8.208 9.402 10.343 11.238 12.522 13.453 14.514 15.661 16.723 17.958 18.558 19.638 20.532 21.093 18.805 19.455 18.360 18.202 20.538 22.211 23.300 24.492 18.337 18.146 17.990 17.042 16.189 15.350 13.527 13.611 12.841 12.760 13.863 13.048 12.237 12.153 13.192 18.312 17.618 14.309 25.615 26.745 27.627 17.072 17.012 15.728 16.494 16.885 22.888 23.426 24.580 25.790 25.705 26.867 27.169 28.356 29.454 30.886 32.175 23.834 24.951 25.926 26.007 27.065 12.005 11.105 9.562 10.324 9.605 8.602 7.659 8.666 8.834 8.888 8.047 6.846 8.157 16.989 16.416 17.726 16.557 17.396 17.217 18.899 20.663 20.538 18.646 19.964 18.433 17.091 17.085 16.258 17.171 16.428 17.826 19.318 7.026 8.718 18.219 19.560 20.449 19.204 19.951 21.257 22.348 23.186 23.955 25.373 26.049 27.214 27.901 29.921 31.100 27.659 29.283 11.293 -1.000 -1.000 17.911 17.032 11.537 11.100 7.800 20.438 32.267 34.550 35.574 36.714 38.432 39.766 41.221 42.524 44.287 16.427 15.639 16.499 
7.026 5.939 4.952 5.180 6.072 6.088 4.556 3.214 2.051 0.991 0.000 1.361 2.283 3.321 4.254 5.117 6.265 7.217 8.411 9.352 10.247 11.531 12.462 13.523 14.670 15.732 16.967 17.567 18.647 19.541 20.102 17.814 18.464 17.369 17.211 19.547 21.220 22.309 23.501 17.346 17.155 16.999 16.051 15.198 14.359 12.536 12.620 11.850 11.769 12.872 12.057 11.246 11.162 12.201 17.321 16.627 13.318 24.624 25.754 26.636 16.081 16.021 14.737 15.503 15.894 21.897 22.435 23.589 24.799 24.714 25.876 26.178 27.365 28.463 29.895 31.184 22.843 23.960 24.935 25.016 26.074 11.014 10.114 8.571 9.333 8.614 7.611 6.668 7.828 7.843 8.429 7.588 7.837 9.148 15.998 15.425 16.735 15.566 16.405 16.226 17.908 19.672 20.678 19.637 20.090 19.424 18.082 18.076 17.249 18.162 17.419 18.817 20.309 8.017 9.709 17.228 18.569 19.458 18.213 18.960 20.266 21.357 22.195 22.964 24.382 25.058 26.223 26.910 28.930 30.109 26.668 28.292 10.302 -1.000 -1.000 16.920 16.041 10.546 12.091 8.791 19.447 31.276 33.559 34.583 35.723 37.441 38.775 40.230 41.533 43.296 15.436 14.648 15.508 
6.808 5.721 6.313 6.541 7.433 7.449 5.917 4.575 3.412 2.352 1.361 0.000 0.922 1.960 2.893 3.756 4.904 5.856 7.050 7.991 8.886 10.170 11.101 12.162 13.309 14.371 15.606 16.206 17.286 18.180 18.741 16.453 17.103 16.008 15.850 18.186 19.859 20.948 22.140 15.985 15.794 15.638 14.690 13.837 12.998 11.175 11.259 10.489 10.408 11.511 10.696 9.885 11.189 12.228 15.960 15.266 11.957 23.263 24.393 25.275 14.720 14.660 13.376 14.142 14.533 20.536 21.074 22.228 23.438 23.353 24.515 24.817 26.004 27.102 28.534 29.823 21.482 22.599 23.574 23.655 24.713 9.653 8.753 7.210 8.285 8.161 7.158 8.029 7.163 6.482 7.068 6.227 7.428 8.739 14.637 14.064 15.374 14.205 15.044 14.865 16.547 18.311 19.317 18.409 18.729 18.917 17.575 18.923 18.097 18.738 17.438 18.836 20.328 7.799 9.561 15.867 17.208 18.097 16.852 17.599 18.905 19.996 20.834 21.603 23.021 23.697 24.862 25.549 27.569 28.748 25.307 26.931 8.941 -1.000 -1.000 15.559 14.680 9.185 10.863 9.639 18.086 29.915 32.198 33.222 34.362 36.080 37.414 38.869 40.172 41.935 14.075 14.315 15.175 
7.730 6.643 7.235 7.463 8.355 8.371 6.839 5.497 4.334 3.274 2.283 0.922 0.000 1.038 1.971 2.834 3.982 4.934 6.128 7.069 7.964 9.248 10.179 11.240 12.387 13.449 14.684 15.284 16.364 17.258 18.095 15.531 16.181 15.086 14.928 17.264 18.937 20.026 21.218 15.063 14.872 14.716 13.768 12.915 12.076 10.253 10.337 9.567 9.633 10.589 10.723 10.038 11.342 11.354 15.038 14.344 11.035 22.341 23.471 24.353 13.798 13.738 12.601 13.220 13.611 19.890 21.446 21.306 22.516 22.799 23.961 24.916 26.103 27.201 28.633 29.922 20.607 21.724 22.652 22.733 23.791 8.731 7.831 6.436 7.511 7.239 6.236 7.179 6.241 5.560 6.459 7.149 8.350 9.243 13.715 14.580 15.890 14.721 15.560 15.381 17.063 18.827 19.379 17.487 18.805 17.995 16.653 19.219 18.392 17.918 18.360 19.758 21.250 8.721 10.483 16.383 17.724 18.613 17.368 18.115 19.421 20.512 21.350 22.119 23.459 24.213 25.378 26.065 28.085 29.264 24.385 26.009 8.019 -1.000 -1.000 14.637 13.758 9.701 9.941 9.934 17.164 30.431 32.714 33.738 34.878 36.596 37.930 39.385 40.688 42.451 14.102 13.541 14.401 
8.768 7.681 8.273 8.501 9.393 9.409 7.877 6.535 5.372 4.312 3.321 1.960 1.038 0.000 0.933 1.796 2.944 3.896 5.090 6.031 6.926 8.210 9.141 10.202 11.349 12.411 13.646 14.246 15.326 16.220 17.057 14.493 15.143 14.048 13.890 16.226 17.899 18.988 20.180 14.025 13.834 13.678 12.730 11.877 11.038 9.215 9.400 8.630 8.595 9.551 9.685 9.000 10.304 10.971 14.000 13.306 9.997 21.303 22.433 23.315 12.760 12.700 11.563 12.182 12.573 18.852 20.408 20.268 21.478 21.761 22.923 23.878 25.065 26.163 27.595 28.884 19.569 20.686 21.614 21.695 22.753 7.693 6.793 5.398 6.473 6.201 5.198 6.141 7.279 6.598 7.497 8.187 9.388 8.205 12.677 13.542 14.852 13.683 14.522 14.343 16.025 17.789 18.795 18.525 18.207 19.033 17.691 18.181 17.354 18.267 17.523 18.921 20.413 9.759 11.521 15.345 16.686 17.575 16.330 17.077 18.383 19.474 20.312 21.081 22.421 23.175 24.340 25.027 27.047 28.226 23.347 24.971 6.981 -1.000 -1.000 13.599 12.720 8.663 10.979 8.896 16.126 29.393 31.676 32.700 33.840 35.558 36.892 38.347 39.650 41.413 13.064 12.503 13.363 
8.294 8.614 9.206 9.434 10.326 10.342 8.810 7.468 6.305 5.245 4.254 2.893 1.971 0.933 0.000 0.863 2.011 2.963 4.157 5.098 5.993 7.277 8.208 9.269 10.416 11.478 12.713 13.313 14.393 15.287 16.124 13.560 14.210 13.115 12.957 15.293 16.966 18.055 19.247 13.092 12.901 12.745 11.797 10.944 10.105 8.282 8.467 7.697 9.160 8.618 8.752 8.067 9.371 10.410 13.067 12.373 9.064 20.370 21.500 22.382 11.827 11.767 11.409 11.249 11.640 17.919 19.475 19.335 20.545 20.828 21.990 22.945 24.132 25.230 26.662 27.951 18.636 19.753 20.681 20.762 21.820 6.760 5.860 6.331 5.845 5.268 4.265 5.208 6.368 7.049 7.948 7.829 9.030 9.138 11.744 12.609 13.919 12.750 13.589 13.410 15.092 16.856 17.862 18.592 17.274 18.873 18.624 19.114 18.287 19.200 18.456 19.854 21.346 9.285 11.047 14.412 15.753 16.642 15.397 16.144 17.450 18.541 19.379 20.148 21.488 22.242 23.407 24.094 26.114 27.293 22.414 24.038 6.048 -1.000 -1.000 12.666 11.787 7.730 11.912 9.829 15.193 28.460 30.743 31.767 32.907 34.625 35.959 37.414 38.717 40.480 12.131 12.906 13.766 
9.157 9.477 10.069 10.297 11.189 11.205 9.673 8.331 7.168 6.108 5.117 3.756 2.834 1.796 0.863 0.000 1.148 2.100 3.294 4.235 5.130 6.414 7.345 8.406 9.553 10.615 11.850 12.450 13.530 14.424 15.261 12.697 13.347 12.252 12.094 14.430 16.103 17.192 18.384 12.229 12.038 11.882 10.934 10.081 9.242 7.419 7.728 6.958 8.421 7.755 8.015 7.204 8.508 9.547 12.204 11.510 8.201 19.507 20.637 21.519 10.964 10.904 10.546 10.386 10.777 17.056 18.612 18.472 19.682 19.965 21.127 22.082 23.269 24.367 25.799 27.088 17.773 18.890 19.818 19.899 20.957 5.897 4.997 6.057 4.982 5.701 5.128 6.071 7.231 7.104 7.807 6.966 8.167 9.094 10.881 12.010 13.320 13.613 14.452 14.273 15.955 17.719 18.725 19.455 18.137 19.736 19.275 19.269 18.442 19.355 18.612 20.010 21.502 10.148 11.910 13.830 15.154 16.043 16.260 17.007 18.313 19.404 20.242 21.011 20.625 21.644 22.809 23.997 26.017 27.196 21.551 23.175 5.185 -1.000 -1.000 11.803 10.924 8.593 12.775 9.984 14.330 28.363 30.646 31.670 32.810 34.528 35.862 37.317 38.620 40.383 11.394 12.043 12.903 
10.305 10.625 11.217 11.445 12.337 12.353 10.821 9.479 8.316 7.256 6.265 4.904 3.982 2.944 2.011 1.148 0.000 0.952 2.146 3.087 3.982 5.266 6.197 7.258 8.405 9.467 10.702 11.302 12.382 13.276 14.113 11.549 12.199 11.104 10.946 13.282 14.955 16.044 17.236 11.081 10.890 10.734 9.786 8.933 8.094 6.271 6.580 5.810 7.273 6.607 7.586 8.352 8.040 9.079 11.056 10.362 7.053 18.359 19.489 20.371 9.816 9.756 9.398 9.238 9.629 15.908 17.464 17.324 18.534 18.817 19.979 20.934 22.121 23.219 24.651 25.940 16.625 17.742 18.670 18.751 19.809 4.749 3.849 4.909 3.834 4.553 5.556 6.499 6.637 5.956 6.855 7.696 8.506 9.817 9.733 10.862 12.172 13.410 14.249 15.250 16.932 18.696 19.702 20.603 19.285 20.884 20.423 20.417 19.590 20.503 19.760 21.158 22.650 11.296 13.058 12.682 14.006 14.895 16.014 16.784 18.090 19.181 19.761 20.530 19.477 20.496 21.661 22.849 24.869 26.048 20.403 22.027 4.037 -1.000 -1.000 10.655 9.776 9.741 13.923 11.132 13.182 27.215 29.498 30.522 31.662 33.380 34.714 36.169 37.472 39.235 10.442 11.575 12.435 
11.257 11.577 12.169 12.397 13.289 13.305 11.773 10.431 9.268 8.208 7.217 5.856 4.934 3.896 2.963 2.100 0.952 0.000 1.194 2.135 3.030 4.314 5.245 6.306 7.453 8.515 9.750 10.350 11.430 12.324 13.161 10.597 11.247 10.152 9.994 12.330 14.003 15.092 16.284 10.129 9.938 9.782 8.834 7.981 7.142 5.319 5.836 5.066 6.529 5.655 6.634 7.445 7.088 8.127 10.104 10.917 6.101 17.407 18.537 19.419 8.864 8.804 8.446 8.286 8.677 14.956 16.512 18.276 18.563 19.526 20.688 20.736 21.923 23.021 24.453 25.535 15.673 16.790 17.718 17.799 18.857 3.797 2.897 3.957 2.882 3.601 4.604 5.547 6.707 6.908 7.807 8.648 9.458 10.769 10.685 9.910 11.220 12.458 13.297 14.298 15.980 17.744 18.750 20.535 19.217 20.816 21.375 21.369 20.542 21.455 20.712 22.110 23.602 12.248 14.010 11.730 13.054 13.943 15.062 15.832 17.138 18.229 18.809 19.578 20.429 19.544 20.709 21.897 23.917 25.096 19.451 21.075 3.085 -1.000 -1.000 9.703 8.824 9.673 14.875 12.084 12.230 26.263 28.546 29.570 30.710 32.428 33.762 35.217 36.520 38.283 9.490 10.623 11.483 
12.451 12.771 13.363 13.591 14.483 14.499 12.967 11.625 10.462 9.402 8.411 7.050 6.128 5.090 4.157 3.294 2.146 1.194 0.000 0.941 1.836 3.120 4.051 5.112 6.259 7.321 8.556 9.156 10.236 11.130 11.967 9.403 10.053 8.958 8.800 11.136 12.809 13.898 15.090 8.935 8.744 8.588 7.640 6.787 5.948 4.125 4.642 3.872 5.335 4.461 5.440 6.251 7.555 8.594 8.910 9.723 4.907 16.213 17.343 18.225 7.670 7.610 7.252 7.092 8.019 13.762 15.318 17.159 17.369 18.332 19.494 20.255 21.442 22.540 23.972 24.341 14.479 15.596 16.524 16.605 17.663 2.603 1.703 3.247 4.076 4.795 5.798 6.741 7.901 8.102 9.001 9.842 10.652 11.963 10.352 11.104 10.899 11.691 12.530 13.531 15.213 16.977 17.983 19.341 18.023 19.622 20.964 22.563 21.736 22.649 21.906 23.304 24.796 13.442 15.204 12.140 12.733 13.622 13.868 14.638 15.944 17.035 17.615 18.384 19.802 20.738 21.903 23.091 25.111 26.290 18.257 19.881 1.891 -1.000 -1.000 8.509 7.630 8.479 14.679 13.278 11.036 27.457 29.740 30.764 31.904 33.622 34.956 36.411 37.714 39.477 8.819 10.352 11.021 
13.392 13.712 14.304 14.532 15.424 15.440 13.908 12.566 11.403 10.343 9.352 7.991 7.069 6.031 5.098 4.235 3.087 2.135 0.941 0.000 0.895 2.179 3.110 4.171 5.318 6.380 7.615 8.215 9.295 10.189 11.026 8.462 9.112 8.017 7.859 10.195 11.868 12.957 14.149 7.994 7.803 8.834 6.699 5.846 5.007 4.567 5.583 4.813 4.750 5.402 6.381 7.192 8.496 9.535 7.969 8.782 3.966 15.272 16.402 17.284 7.916 6.669 7.424 8.033 8.960 12.821 14.377 16.218 16.428 17.391 18.553 19.314 20.501 21.599 23.031 23.400 13.538 14.655 15.583 15.664 16.722 3.045 2.644 4.188 5.017 5.736 6.739 7.682 8.842 9.043 9.942 10.783 11.593 12.904 9.411 10.817 9.958 10.750 11.589 12.590 14.272 16.036 17.042 18.400 17.082 18.681 20.023 22.749 22.628 21.715 22.847 24.245 25.737 14.383 16.145 11.199 11.792 12.681 12.927 13.697 15.003 16.094 16.674 17.443 18.861 20.001 21.166 22.354 24.374 25.553 17.316 18.940 0.950 -1.000 -1.000 7.568 6.689 7.538 13.738 14.219 10.095 26.720 29.003 30.027 31.167 32.885 34.219 35.674 36.977 38.740 9.760 10.704 10.413 
14.287 14.607 15.199 15.427 16.319 16.335 14.803 13.461 12.298 11.238 10.247 8.886 7.964 6.926 5.993 5.130 3.982 3.030 1.836 0.895 0.000 1.284 2.215 3.276 4.423 5.485 6.720 7.320 8.400 9.294 10.131 7.694 8.344 8.912 7.767 10.103 11.776 12.865 13.712 7.099 8.198 7.939 6.607 5.648 4.809 4.277 5.407 5.708 5.645 6.297 7.276 8.087 9.391 10.430 7.956 8.001 3.071 14.835 15.965 16.847 7.021 7.564 6.529 7.991 9.286 11.926 13.482 15.323 16.416 16.496 17.658 18.419 19.606 20.704 22.136 23.081 13.219 14.336 14.816 15.466 16.524 3.940 3.539 5.083 5.912 6.631 7.634 8.577 9.737 9.938 10.837 11.678 12.488 13.799 8.630 10.036 9.063 9.855 10.694 11.695 13.377 15.141 16.147 17.505 16.187 17.786 19.128 21.854 21.733 20.820 22.120 23.518 25.010 15.278 17.040 10.418 10.897 11.786 12.032 12.802 14.108 15.199 15.779 16.548 17.966 19.106 20.271 21.459 23.479 24.658 17.385 19.009 1.845 -1.000 -1.000 6.673 5.794 6.643 12.843 15.114 9.200 25.825 28.108 29.132 30.272 31.990 33.324 34.779 36.082 37.845 10.516 9.809 10.669 
15.571 15.891 16.483 16.711 17.603 17.619 16.087 14.745 13.582 12.522 11.531 10.170 9.248 8.210 7.277 6.414 5.266 4.314 3.120 2.179 1.284 0.000 0.931 1.992 3.139 4.201 5.436 6.036 7.116 8.010 8.847 6.410 7.060 8.234 7.670 10.006 11.679 12.768 12.428 8.383 8.306 7.067 6.510 5.551 4.712 3.147 4.277 4.866 6.329 6.496 7.475 8.286 9.590 10.629 6.672 6.717 4.353 13.551 14.681 15.563 7.985 7.899 7.813 8.029 9.003 10.642 12.198 14.039 15.132 15.212 16.374 17.135 18.322 19.420 20.852 21.797 11.935 13.052 13.532 14.804 15.558 4.669 4.823 6.367 7.196 7.915 8.918 9.861 11.021 11.222 12.121 12.962 13.772 15.083 7.346 8.752 7.779 9.017 9.838 10.839 12.521 14.285 15.291 17.183 16.321 17.920 19.262 21.988 21.867 20.954 22.254 23.652 25.144 16.562 18.324 9.134 9.613 10.502 10.748 11.518 12.824 13.915 14.495 15.264 16.682 17.822 18.987 20.175 22.195 23.374 16.298 17.867 3.129 -1.000 -1.000 5.389 4.510 6.777 12.977 16.277 7.916 24.541 26.824 27.848 28.988 30.706 32.040 33.495 34.798 36.561 10.233 11.093 11.673 
15.461 16.548 17.414 17.642 18.534 18.550 17.018 15.676 14.513 13.453 12.462 11.101 10.179 9.141 8.208 7.345 6.197 5.245 4.051 3.110 2.215 0.931 0.000 1.061 2.208 3.270 4.505 5.105 6.185 7.079 7.916 5.754 6.404 7.578 6.739 9.075 10.748 11.837 11.497 7.832 8.931 7.981 5.579 4.620 3.781 4.078 5.208 5.797 7.260 7.427 8.406 9.217 10.521 11.560 5.741 6.076 5.284 12.620 13.750 14.632 8.109 8.736 8.744 8.960 9.934 9.711 11.267 13.108 14.201 14.281 15.443 16.204 17.391 18.489 19.921 20.866 11.004 12.121 12.875 14.147 14.902 5.600 5.754 7.298 8.127 8.846 9.849 10.792 11.952 12.153 13.052 13.893 14.703 16.014 6.705 8.111 6.848 8.086 8.907 9.908 11.590 13.354 14.360 16.252 15.390 16.989 18.331 21.057 20.936 20.023 21.323 22.721 24.213 16.452 18.214 8.493 8.682 9.571 9.817 10.587 11.893 12.984 13.822 14.591 16.009 17.149 18.314 19.502 21.522 22.701 15.367 16.936 4.060 -1.000 -1.000 4.748 3.869 5.846 12.046 15.346 6.985 23.868 26.151 27.175 28.315 30.033 31.367 32.822 34.125 35.888 11.164 12.024 12.604 
16.522 17.609 18.475 18.703 19.595 19.611 18.079 16.737 15.574 14.514 13.523 12.162 11.240 10.202 9.269 8.406 7.258 6.306 5.112 4.171 3.276 1.992 1.061 0.000 1.147 2.209 3.444 4.044 5.124 6.018 6.855 4.693 5.343 6.517 5.678 8.014 9.687 10.776 10.436 6.771 7.870 6.920 4.518 3.559 2.720 5.139 6.269 6.858 8.321 8.488 9.467 10.278 11.582 12.621 4.680 5.015 4.458 11.559 12.689 13.571 7.048 7.675 8.582 8.243 9.538 8.650 10.206 12.047 13.140 13.220 14.382 15.143 16.330 17.428 18.860 19.805 9.943 11.060 11.814 13.086 13.841 6.661 6.815 8.359 9.188 9.907 10.910 11.853 13.013 13.214 14.113 14.954 15.764 17.075 5.644 7.050 7.909 9.147 9.968 10.969 12.651 14.415 15.421 17.313 16.451 18.050 19.392 22.118 21.997 21.084 22.384 23.782 25.274 17.513 19.275 7.432 9.085 9.974 10.878 11.648 12.954 13.631 12.793 13.562 14.980 16.120 17.285 18.473 20.493 21.672 14.306 15.875 5.121 -1.000 -1.000 3.687 2.808 6.907 13.107 16.407 5.924 22.839 25.122 26.146 27.286 29.004 30.338 31.793 33.096 34.859 10.768 12.578 13.438 
16.533 17.620 18.607 19.672 20.564 20.758 19.226 17.884 16.721 15.661 14.670 13.309 12.387 11.349 10.416 9.553 8.405 7.453 6.259 5.318 4.423 3.139 2.208 1.147 0.000 1.062 2.297 2.897 3.977 4.871 5.708 3.546 4.196 5.370 5.411 7.747 9.420 10.481 9.289 6.504 7.012 5.773 4.251 4.706 3.867 6.286 7.416 8.005 9.468 9.635 10.614 11.425 12.729 13.768 3.533 4.346 5.339 10.412 11.542 12.424 6.691 6.528 7.905 9.367 10.662 7.503 9.059 10.900 11.993 12.073 13.235 13.996 15.183 16.281 17.713 18.658 8.796 9.913 10.667 11.939 12.694 7.378 7.962 9.506 10.335 11.054 12.057 13.000 14.160 14.361 15.260 16.101 16.911 18.222 4.975 6.381 7.691 8.929 9.768 10.769 12.451 14.215 15.221 17.113 16.461 18.060 19.402 22.128 22.007 21.094 22.394 23.792 25.284 17.524 19.286 6.763 8.416 9.305 10.821 11.591 12.897 13.088 12.250 13.019 14.437 15.577 16.742 17.930 19.950 21.129 13.159 14.728 6.268 -1.000 -1.000 3.144 2.265 6.917 13.117 16.417 4.777 22.296 24.579 25.603 26.743 28.461 29.795 31.250 32.553 34.316 11.892 13.702 14.562 
17.218 18.305 19.292 20.357 21.249 21.820 20.288 18.946 17.783 16.723 15.732 14.371 13.449 12.411 11.478 10.615 9.467 8.515 7.321 6.380 5.485 4.201 3.270 2.209 1.062 0.000 1.235 1.835 2.915 3.809 4.646 2.484 3.134 4.308 4.349 6.685 8.358 9.447 10.351 5.442 6.541 6.835 3.189 4.148 4.929 5.483 6.613 7.383 8.846 10.062 11.041 11.852 13.156 14.195 2.471 3.284 4.277 11.474 12.527 13.409 7.637 7.590 8.402 9.571 10.866 6.441 7.997 9.838 10.931 11.011 12.173 12.934 14.121 15.219 16.651 17.596 7.734 8.851 9.605 10.877 11.632 6.316 7.216 8.760 9.835 10.554 11.557 12.500 13.660 14.341 15.240 16.081 17.282 18.593 3.913 5.319 6.629 7.867 8.706 9.707 11.389 13.153 14.159 16.051 17.147 18.746 20.088 22.814 22.693 21.780 23.080 24.478 25.970 18.209 19.971 5.701 7.354 8.243 9.759 10.529 11.835 12.026 11.188 11.957 13.375 14.515 15.680 16.868 18.888 20.067 12.097 13.666 7.330 -1.000 -1.000 2.082 1.203 7.603 13.803 17.103 3.715 21.234 23.517 24.541 25.681 27.399 28.733 30.188 31.491 33.254 12.096 13.906 13.731 
17.210 18.297 19.284 20.349 21.241 22.164 21.523 20.181 19.018 17.958 16.967 15.606 14.684 13.646 12.713 11.850 10.702 9.750 8.556 7.615 6.720 5.436 4.505 3.444 2.297 1.235 0.000 0.600 1.680 2.574 3.411 1.249 1.899 3.073 4.267 6.603 8.276 8.619 9.811 5.360 6.459 7.698 4.424 5.383 4.704 6.718 7.848 8.618 10.081 11.297 12.276 13.087 14.391 15.430 1.236 2.049 5.512 10.934 11.292 12.174 8.616 8.825 9.637 10.806 12.101 5.206 6.762 8.603 9.696 9.776 10.938 11.699 12.886 13.984 15.416 16.361 6.499 7.616 8.370 9.642 10.397 7.551 8.451 9.995 11.070 11.789 12.792 13.735 14.895 15.576 16.475 17.316 18.517 19.828 2.678 4.084 5.394 6.632 7.471 8.472 10.154 11.918 12.924 14.816 16.134 17.733 19.075 21.801 22.684 21.771 23.071 24.469 25.961 18.201 19.963 4.466 6.119 7.008 8.524 9.294 10.600 11.092 11.742 12.511 12.421 13.561 14.447 15.635 17.655 18.834 10.862 12.431 8.168 -1.000 -1.000 0.878 1.757 7.594 13.794 17.094 2.480 20.001 22.284 23.308 24.448 26.166 27.500 28.955 30.258 32.021 13.331 15.141 14.966 
17.810 18.897 19.884 20.949 21.841 22.764 22.123 20.781 19.618 18.558 17.567 16.206 15.284 14.246 13.313 12.450 11.302 10.350 9.156 8.215 7.320 6.036 5.105 4.044 2.897 1.835 0.600 0.000 1.080 1.974 2.811 1.849 2.499 3.673 4.867 6.536 8.209 8.019 9.211 5.960 7.059 8.298 5.024 5.983 5.304 7.318 8.448 9.218 10.681 11.897 12.876 13.687 14.991 16.030 1.836 2.649 6.112 10.334 10.692 11.574 9.216 9.425 10.237 11.406 12.701 4.606 6.162 8.003 9.213 9.176 10.338 11.099 12.286 13.384 14.816 15.761 5.899 7.016 8.020 9.292 10.350 8.151 9.051 10.595 11.670 12.389 13.392 14.335 15.495 16.176 17.075 17.916 19.117 20.428 3.278 4.684 5.994 7.232 8.071 9.072 10.754 12.518 13.524 15.416 16.734 18.333 19.675 22.401 23.284 22.371 23.671 25.069 26.561 18.801 20.563 4.897 6.042 6.931 8.447 9.217 10.523 10.492 11.330 12.099 11.821 12.961 14.126 15.314 17.334 18.513 10.262 11.831 8.768 -1.000 -1.000 1.478 2.357 8.194 14.394 17.694 1.880 19.680 21.963 22.987 24.127 25.845 27.179 28.634 29.937 31.700 13.931 15.741 15.566 
18.234 19.321 20.308 21.373 22.265 23.188 23.203 21.861 20.698 19.638 18.647 17.286 16.364 15.326 14.393 13.530 12.382 11.430 10.236 9.295 8.400 7.116 6.185 5.124 3.977 2.915 1.680 1.080 0.000 0.894 1.731 2.929 3.579 4.753 5.947 5.456 7.129 6.939 8.131 7.040 8.139 9.378 6.104 7.063 6.384 8.398 9.528 10.298 11.761 12.977 13.956 14.767 16.071 17.110 2.916 3.231 7.192 9.254 9.612 10.494 10.296 10.505 11.317 12.486 13.781 3.526 5.082 6.923 8.133 8.096 9.258 10.019 11.206 12.304 13.736 14.681 4.819 5.936 6.940 8.212 9.270 9.231 10.131 11.675 12.750 13.469 14.472 15.415 16.575 17.256 18.155 18.996 20.197 21.508 3.860 5.266 6.576 7.814 8.653 9.654 11.336 13.100 14.106 15.246 16.564 18.163 19.505 22.231 23.709 22.796 24.096 25.494 26.986 19.225 20.987 3.817 4.962 5.851 7.367 8.137 9.443 9.412 10.250 11.019 10.741 11.881 13.046 14.234 16.254 17.433 9.182 10.751 9.193 -1.000 -1.000 1.903 2.782 8.619 14.819 18.119 0.800 18.600 20.883 21.907 23.047 24.765 26.099 27.554 28.857 30.620 15.011 16.821 16.646 
19.128 20.215 21.202 22.267 23.159 24.082 24.097 22.755 21.592 20.532 19.541 18.180 17.258 16.220 15.287 14.424 13.276 12.324 11.130 10.189 9.294 8.010 7.079 6.018 4.871 3.809 2.574 1.974 0.894 0.000 0.837 3.823 4.473 5.647 6.841 6.149 7.822 7.833 8.838 7.934 9.033 10.272 6.998 7.957 7.278 9.292 10.422 11.192 12.655 13.871 14.850 15.661 16.965 18.004 3.810 4.125 8.086 9.961 10.506 11.388 10.396 11.399 12.211 13.380 14.675 2.632 4.188 6.029 7.239 8.275 9.437 10.392 11.579 12.677 14.109 13.787 3.925 5.042 6.046 7.318 8.376 10.125 11.025 12.569 13.644 14.363 15.366 16.309 17.469 18.150 19.049 19.890 21.091 22.402 4.754 5.531 6.841 8.079 8.918 9.919 11.601 13.365 14.371 14.487 15.805 17.404 18.746 21.472 23.965 23.690 24.990 26.388 27.880 20.119 21.881 3.711 5.364 5.091 6.607 7.377 8.683 8.518 9.356 10.125 11.543 12.196 13.361 14.549 16.569 17.748 9.237 10.861 10.087 -1.000 -1.000 2.797 3.676 9.513 15.713 19.013 1.694 18.915 21.198 22.222 23.362 25.080 26.414 27.869 29.172 30.935 15.905 17.715 17.540 
19.172 20.259 21.246 22.311 23.203 24.126 24.658 23.316 22.153 21.093 20.102 18.741 18.095 17.057 16.124 15.261 14.113 13.161 11.967 11.026 10.131 8.847 7.916 6.855 5.708 4.646 3.411 2.811 1.731 0.837 0.000 4.660 5.310 6.484 7.648 5.312 6.985 8.074 8.001 8.741 9.840 10.477 7.835 8.794 8.115 10.129 11.259 12.029 13.492 14.708 15.687 16.498 17.802 18.841 4.647 4.962 8.923 9.124 10.254 10.784 9.559 10.854 12.231 13.693 14.988 1.795 3.351 5.192 6.402 7.438 8.600 9.555 10.742 11.840 13.272 12.950 3.088 4.205 5.209 6.481 7.539 10.962 11.862 13.406 14.481 15.200 16.203 17.146 18.306 18.987 19.886 20.727 21.928 23.239 5.591 4.694 6.004 7.242 8.081 9.082 10.764 12.528 13.534 13.650 14.968 16.567 17.909 20.635 23.128 23.734 25.034 26.432 27.924 20.163 21.925 2.874 4.527 4.254 5.770 6.540 7.846 7.681 8.519 9.288 10.706 11.359 12.524 13.712 15.732 16.911 8.400 10.024 10.924 -1.000 -1.000 3.634 4.513 9.557 15.757 19.057 2.531 18.078 20.361 21.385 22.525 24.243 25.577 27.032 28.335 30.098 16.218 18.028 18.377 
17.915 19.002 19.989 21.054 21.946 22.869 22.370 21.028 19.865 18.805 17.814 16.453 15.531 14.493 13.560 12.697 11.549 10.597 9.403 8.462 7.694 6.410 5.754 4.693 3.546 2.484 1.249 1.849 2.929 3.823 4.660 0.000 0.650 1.824 3.018 5.354 7.027 8.116 9.308 4.111 5.210 6.449 4.178 4.294 3.455 6.152 7.282 8.052 8.985 10.271 11.250 12.061 13.365 14.404 2.485 3.298 4.946 10.431 11.561 12.393 7.367 8.662 9.071 10.241 11.536 6.455 6.854 8.570 9.780 10.554 11.716 12.671 13.858 14.956 16.388 17.207 7.345 8.125 7.121 8.393 9.148 7.278 8.178 9.637 10.712 11.431 12.434 13.377 14.537 15.218 16.117 16.958 18.159 19.470 3.927 5.333 6.643 7.881 8.720 9.721 11.403 13.167 14.173 16.065 17.383 18.982 20.324 23.050 23.390 22.477 23.777 25.175 26.667 18.906 20.668 5.715 7.368 8.257 9.773 10.543 11.849 12.341 11.885 12.654 13.670 14.810 15.696 16.884 18.904 20.083 10.009 11.633 7.512 -1.000 -1.000 2.127 1.900 8.300 14.500 17.800 3.729 21.250 23.533 24.557 25.697 27.415 28.749 30.204 31.507 33.270 12.766 14.576 14.400 
18.565 19.652 20.639 21.704 22.596 23.519 23.020 21.678 20.515 19.455 18.464 17.103 16.181 15.143 14.210 13.347 12.199 11.247 10.053 9.112 8.344 7.060 6.404 5.343 4.196 3.134 1.899 2.499 3.579 4.473 5.310 0.650 0.000 1.174 2.368 4.704 6.377 7.466 8.658 3.461 4.560 5.799 3.528 4.487 4.105 6.802 7.932 8.702 9.635 10.921 11.900 12.711 14.015 15.054 3.135 3.948 5.596 9.781 10.911 11.793 6.717 8.012 9.389 10.851 12.146 7.105 6.204 7.920 9.130 9.904 11.066 12.021 13.208 14.306 15.738 16.557 6.695 7.812 7.771 9.043 9.798 7.928 8.828 10.287 11.362 12.081 13.084 14.027 15.187 15.868 16.767 17.608 18.809 20.120 4.577 5.983 7.293 8.531 9.370 10.371 12.053 13.817 14.823 16.715 18.033 19.632 20.974 23.700 24.040 23.127 24.427 25.825 27.317 19.556 21.318 6.365 8.018 8.907 10.423 11.193 12.499 12.991 12.535 13.304 14.320 15.460 16.346 17.534 19.554 20.733 10.473 12.097 8.162 -1.000 -1.000 2.777 2.550 8.950 15.150 18.450 4.379 21.900 24.183 25.207 26.347 28.065 29.399 30.854 32.157 33.920 13.376 15.186 15.050 
19.739 20.826 21.813 22.549 23.441 23.457 21.925 20.583 19.420 18.360 17.369 16.008 15.086 14.048 13.115 12.252 11.104 10.152 8.958 8.017 8.912 8.234 7.578 6.517 5.370 4.308 3.073 3.673 4.753 5.647 6.484 1.824 1.174 0.000 1.194 3.530 5.203 6.292 7.484 2.287 3.386 4.625 2.354 3.313 4.152 7.096 8.226 8.996 10.459 11.745 12.724 13.535 14.839 15.874 4.309 5.122 5.890 8.607 9.737 10.619 5.543 6.838 8.215 9.677 10.972 6.814 7.378 9.094 10.304 11.078 12.240 13.195 14.382 15.480 16.672 15.383 5.521 6.638 7.642 8.914 9.972 8.618 9.518 11.062 12.137 12.856 13.859 14.802 15.962 16.643 17.542 18.383 19.584 20.895 5.751 7.157 8.467 9.705 10.544 11.545 13.227 14.991 15.997 17.889 19.207 20.806 22.148 24.874 25.214 24.301 25.601 26.999 28.491 20.730 22.492 7.539 9.192 10.081 11.597 12.367 13.673 14.165 13.709 14.478 15.494 16.379 17.520 18.708 20.728 21.907 9.299 10.923 7.067 -1.000 -1.000 3.951 3.724 10.124 16.324 19.624 5.553 23.074 25.357 26.381 27.521 29.239 30.573 32.028 33.331 35.094 12.202 14.012 14.872 
20.933 21.572 22.164 22.391 23.283 23.299 21.767 20.425 19.262 18.202 17.211 15.850 14.928 13.890 12.957 12.094 10.946 9.994 8.800 7.859 7.767 7.670 6.739 5.678 5.411 4.349 4.267 4.867 5.947 6.841 7.648 3.018 2.368 1.194 0.000 2.336 4.009 5.098 6.290 1.093 2.192 3.431 1.160 2.119 2.958 5.902 7.032 7.802 9.265 10.551 11.530 12.341 13.645 14.680 5.503 6.316 4.696 7.413 8.543 9.425 4.349 5.644 7.021 8.483 9.778 8.008 8.572 10.288 11.498 12.272 13.434 14.389 15.576 16.674 17.866 16.577 6.715 7.832 8.836 10.108 11.166 7.424 8.324 9.868 10.943 11.662 12.665 13.608 14.768 15.449 16.348 17.189 18.390 19.701 6.945 8.351 9.661 10.899 11.738 12.739 14.421 16.185 17.191 19.083 20.401 22.000 23.342 26.068 26.408 25.495 26.795 28.193 29.685 21.924 23.686 8.733 10.386 11.275 12.791 13.561 14.867 15.329 14.903 15.672 16.688 17.573 18.714 19.902 21.922 23.101 10.493 12.117 6.909 -1.000 -1.000 5.145 4.918 11.318 17.518 20.818 6.747 24.268 26.551 27.575 28.715 30.433 31.767 33.222 34.525 36.288 11.008 12.818 13.678 
23.269 23.908 24.500 24.727 25.619 25.635 24.103 22.761 21.598 20.538 19.547 18.186 17.264 16.226 15.293 14.430 13.282 12.330 11.136 10.195 10.103 10.006 9.075 8.014 7.747 6.685 6.603 6.536 5.456 6.149 5.312 5.354 4.704 3.530 2.336 0.000 1.673 2.762 3.954 3.429 4.528 5.767 3.496 4.455 5.294 8.238 9.368 10.138 11.601 12.887 13.866 14.677 15.981 17.016 7.839 8.652 7.032 5.077 6.207 7.089 6.685 7.980 9.357 10.819 12.114 7.107 6.269 8.109 9.299 10.335 11.497 12.452 13.639 14.737 16.162 16.839 6.977 5.860 6.528 7.800 8.858 9.760 10.660 12.204 13.279 13.998 15.001 15.944 17.104 17.785 18.684 19.525 20.726 22.037 9.281 9.494 10.652 11.890 12.729 13.730 15.412 17.176 18.182 18.961 20.279 21.878 23.220 25.946 28.439 27.831 29.131 30.529 32.021 24.260 26.022 7.674 8.818 9.566 11.082 11.852 13.158 12.993 13.831 14.600 14.598 15.738 16.903 18.091 20.111 21.290 9.719 10.470 9.245 -1.000 -1.000 7.359 7.254 13.654 19.854 23.154 4.656 22.457 24.740 25.764 26.904 28.622 29.956 31.411 32.714 34.477 13.344 15.154 16.014 
24.181 25.268 26.173 26.400 27.292 27.308 25.776 24.434 23.271 22.211 21.220 19.859 18.937 17.899 16.966 16.103 14.955 14.003 12.809 11.868 11.776 11.679 10.748 9.687 9.420 8.358 8.276 8.209 7.129 7.822 6.985 7.027 6.377 5.203 4.009 1.673 0.000 1.089 2.281 5.102 6.201 7.440 5.169 6.128 6.967 9.911 11.041 11.811 13.274 14.560 15.539 16.350 17.654 18.689 9.512 9.055 8.705 3.404 4.534 5.416 8.358 9.653 11.030 12.492 13.787 6.597 7.942 9.782 10.121 11.157 11.358 12.313 13.500 14.598 14.489 15.166 5.304 4.187 4.855 6.127 7.185 11.433 12.333 13.877 14.952 15.671 16.674 17.617 18.777 19.458 20.357 21.198 22.399 23.710 8.426 9.686 10.996 12.234 13.073 14.074 15.756 17.520 18.526 20.308 21.626 23.225 24.567 27.293 29.656 28.743 30.043 31.441 32.933 25.172 26.934 8.371 10.024 10.913 12.429 13.199 14.505 14.666 15.504 14.957 16.271 16.161 17.326 18.514 20.534 21.713 8.046 8.797 10.918 -1.000 -1.000 9.032 8.927 14.565 20.765 24.065 6.329 22.880 25.163 26.187 27.327 29.045 30.379 31.834 33.137 34.900 15.017 16.827 17.687 
25.174 26.261 27.248 27.489 28.381 28.397 26.865 25.523 24.360 23.300 22.309 20.948 20.026 18.988 18.055 17.192 16.044 15.092 13.898 12.957 12.865 12.768 11.837 10.776 10.481 9.447 8.619 8.019 6.939 7.833 8.074 8.116 7.466 6.292 5.098 2.762 1.089 0.000 1.192 6.191 7.290 8.529 6.258 7.217 8.056 11.000 12.130 12.900 14.363 15.649 16.628 17.439 18.743 19.778 9.855 10.144 9.794 2.315 3.445 4.327 9.447 10.742 12.119 13.581 14.876 7.180 7.432 9.273 9.032 10.068 10.269 11.224 12.411 13.509 13.400 14.689 5.887 4.770 3.766 5.038 6.096 12.522 13.422 14.966 16.041 16.760 17.763 18.706 19.866 20.547 21.446 22.287 23.488 24.799 9.515 10.775 12.085 13.323 14.162 15.163 16.845 18.609 19.615 20.585 21.903 23.502 24.844 27.570 30.063 29.736 31.036 32.434 33.926 26.165 27.927 9.157 10.301 11.190 12.706 13.476 14.782 15.307 16.022 15.540 15.788 16.157 17.322 18.510 20.530 20.808 6.957 7.708 12.007 -1.000 -1.000 8.842 9.721 15.559 21.759 25.059 6.139 21.975 24.258 25.282 26.422 28.140 29.474 30.929 32.232 33.995 16.106 17.916 18.776 
25.821 26.908 27.895 28.681 29.573 29.589 28.057 26.715 25.552 24.492 23.501 22.140 21.218 20.180 19.247 18.384 17.236 16.284 15.090 14.149 13.712 12.428 11.497 10.436 9.289 10.351 9.811 9.211 8.131 8.838 8.001 9.308 8.658 7.484 6.290 3.954 2.281 1.192 0.000 7.383 8.482 9.721 7.450 8.409 9.248 12.192 13.322 14.092 15.555 16.841 17.820 18.631 19.935 20.970 11.047 11.336 10.986 1.123 2.253 3.135 10.639 11.934 13.311 14.773 16.068 6.206 6.240 8.081 9.291 9.462 10.624 11.579 12.766 13.864 14.548 14.775 4.913 5.962 4.958 4.152 5.210 13.714 14.614 16.158 17.233 17.952 18.955 19.898 21.058 21.739 22.638 23.479 24.680 25.991 10.707 11.967 13.277 14.515 15.354 16.355 18.037 19.302 20.308 21.650 22.968 24.567 25.909 28.635 31.128 30.383 31.683 33.081 34.573 26.812 28.574 10.349 11.493 12.255 13.771 14.541 15.206 14.115 14.830 14.566 14.596 15.736 16.901 18.089 20.109 21.163 6.071 6.516 13.199 -1.000 -1.000 10.034 10.913 16.206 22.406 25.706 7.331 22.330 24.613 25.637 26.777 28.495 29.829 31.284 32.587 34.350 17.298 19.108 19.968 
